00970070
00970072
00970074
00970076
00970078
00970080
00970082
00970084
00970086
00970088
00970090
00970092
00960092
00960090
00960088
00960086
00960084
00960082
00960080
00960078
00960076
00960074
00960072
00960070
00950070
00950072
00950074
00950076
00950078
00950080
00950082
00950084
00950086
00950088
00950090
00950092
00940092
00940090
00940088
00940086
00940084
00940082
00940080
00940078
00940076
00940074
00940072
00940070
00930070
00930072
00930074
00930076
00930078
00930080
00930082
00930084
00930086
00930088
00930090
00930092
00920092
00920090
00920088
00920086
00920084
00920082
00920080
00920078
00920076
00920074
00920072
00920070
00910070
00910072
00910074
00910076
00910078
00910080
00910082
00910084
00910086
00910088
00910090
00910092
00900092
00900090
00900088
00900086
00900084
00900082
00900080
00900078
00900076
00900074
00900072
00900070
00890070
00890072
00890074
00890076
00890078
00890080
00890082
00890084
00890086
00890088
00890090
00890092
00880092
00880090
00880088
00880086
00880084
00880082
00880080
00880078
00880076
00880074
00880072
00880070
00870070
00870072
00870074
00870076
00870078
00870080
00870082
00870084
00870086
00870088
00870090
00870092
00860092
00860090
00860088
00860086
00860084
00860082
00860080
00860078
00860076
00860074
00860072
00860070
00850070
00850072
00850074
00850076
00850078
00850080
00850082
00850084
00850086
00850088
00850090
00850092
00840092
00840090
00840088
00840086
00840084
00840082
00840080
00840078
00840076
00840074
00840072
00840070
00830070
00830072
00830074
00830076
00830078
00830080
00830082
00830084
00830086
00830088
00830090
00830092
00820092
00820090
00820088
00820086
00820084
00820082
00820080
00820078
00820076
00820074
00820072
00820070
00810070
00810072
00810074
00810076
00810078
00810080
00810082
00810084
00810086
00810088
00810090
00810092
00800092
00800090
00800088
00800086
00800084
00800082
00800080
00800078
00800076
00800074
00800072
00800070
00790070
00790072
00790074
00790076
00790078
00790080
00790082
00790084
00790086
00790088
00790090
00790092
00780092
00780090
00780088
00780086
00780084
00780082
00780080
00780078
00780076
00780074
00780072
00780070
00770070
00770072
00770074
00770076
00770078
00770080
00770082
00770084
00770086
00770088
00770090
00770092
00760092
00760090
00760088
00760086
00760084
00760082
00760080
00760078
00760076
00760074
00760072
00760070
00750070
00750072
00750074
00750076
00750078
00750080
00750082
00750084
00750086
00750088
00750090
00750092
00740092
00740090
00740088
00740086
00740084
00740082
00740080
00740078
00740076
00740074
00740072
00740070
00730070
00730072
00730074
00730076
00730078
00730080
00730082
00730084
00730086
00730088
00730090
00730092
00720092
00720090
00720088
00720086
00720084
00720082
00720080
00720078
00720076
00720074
00720072
00720070
00710070
00710072
00710074
00710076
00710078
00710080
00710082
00710084
00710086
00710088
00710090
00710092
00700092
00700090
00700088
00700086
00700084
00700082
00700080
00700078
00700076
00700074
00700072
00700070
00690070
00690072
00690074
00690076
00690078
00690080
00690082
00690084
00690086
00690088
00690090
00690092
00680092
00680090
00680088
00680086
00680084
00680082
00680080
00680078
00680076
00680074
00680072
00680070
00670070
00670072
00670074
00670076
00670078
00670080
00670082
00670084
00670086
00670088
00670090
00670092
00660092
00660090
00660088
00660086
00660084
00660082
00660080
00660078
00660076
00660074
00660072
00660070
00650070
00650072
00650074
00650076
00650078
00650080
00650082
00650084
00650086
00650088
00650090
00650092
00640092
00640090
00640088
00640086
00640084
00640082
00640080
00640078
00640076
00640074
00640072
00640070
00630070
00630072
00630074
00630076
00630078
00630080
00630082
00630084
00630086
00630088
00630090
00630092
00620092
00620090
00620088
00620086
00620084
00620082
00620080
00620078
00620076
00620074
00620072
00620070
00610070
00610072
00610074
00610076
00610078
00610080
00610082
00610084
00610086
00610088
00610090
00610092
00600092
00600090
00600088
00600086
00600084
00600082
00600080
00600078
00600076
00600074
00600072
00600070
00590070
00590072
00590074
00590076
00590078
00590080
00590082
00590084
00590086
00590088
00590090
00590092
00580092
00580090
00580088
00580086
00580084
00580082
00580080
00580078
00580076
00580074
00580072
00580070
00570070
00570072
00570074
00570076
00570078
00570080
00570082
00570084
00570086
00570088
00570090
00570092
00560092
00560090
00560088
00560086
00560084
00560082
00560080
00560078
00560076
00560074
00560072
00560070
00550070
00550072
00550074
00550076
00550078
00550080
00550082
00550084
00550086
00550088
00550090
00550092
00550092
00570091
00580090
00600089
00620088
00640087
00650086
00670085
00690084
00710083
00720082
00740082
00760081
00770080
00790079
00810078
00830077
00840076
00860075
00880074
00900073
00910072
00930072
00950071
00970070
00960070
00960068
00960066
00960064
00960062
00960060
00960058
00960056
00960054
00960052
00960050
00960048
00950048
00950050
00950052
00950054
00950056
00950058
00950060
00950062
00950064
00950066
00950068
00950070
00940070
00940068
00940066
00940064
00940062
00940060
00940058
00940056
00940054
00940052
00940050
00940048
00930048
00930050
00930052
00930054
00930056
00930058
00930060
00930062
00930064
00930066
00930068
00930070
00920070
00920068
00920066
00920064
00920062
00920060
00920058
00920056
00920054
00920052
00920050
00920048
00910048
00910050
00910052
00910054
00910056
00910058
00910060
00910062
00910064
00910066
00910068
00910070
00900070
00900068
00900066
00900064
00900062
00900060
00900058
00900056
00900054
00900052
00900050
00900048
00890048
00890050
00890052
00890054
00890056
00890058
00890060
00890062
00890064
00890066
00890068
00890070
00880070
00880068
00880066
00880064
00880062
00880060
00880058
00880056
00880054
00880052
00880050
00880048
00870048
00870050
00870052
00870054
00870056
00870058
00870060
00870062
00870064
00870066
00870068
00870070
00860070
00860068
00860066
00860064
00860062
00860060
00860058
00860056
00860054
00860052
00860050
00860048
00850048
00850050
00850052
00850054
00850056
00850058
00850060
00850062
00850064
00850066
00850068
00850070
00840070
00840068
00840066
00840064
00840062
00840060
00840058
00840056
00840054
00840052
00840050
00840048
00830048
00830050
00830052
00830054
00830056
00830058
00830060
00830062
00830064
00830066
00830068
00830070
00820070
00820068
00820066
00820064
00820062
00820060
00820058
00820056
00820054
00820052
00820050
00820048
00810048
00810050
00810052
00810054
00810056
00810058
00810060
00810062
00810064
00810066
00810068
00810070
00800070
00800068
00800066
00800064
00800062
00800060
00800058
00800056
00800054
00800052
00800050
00800048
00790048
00790050
00790052
00790054
00790056
00790058
00790060
00790062
00790064
00790066
00790068
00790070
00780070
00780068
00780066
00780064
00780062
00780060
00780058
00780056
00780054
00780052
00780050
00780048
00770048
00770050
00770052
00770054
00770056
00770058
00770060
00770062
00770064
00770066
00770068
00770070
00760070
00760068
00760066
00760064
00760062
00760060
00760058
00760056
00760054
00760052
00760050
00760048
00750048
00750050
00750052
00750054
00750056
00750058
00750060
00750062
00750064
00750066
00750068
00750070
00740070
00740068
00740066
00740064
00740062
00740060
00740058
00740056
00740054
00740052
00740050
00740048
00730048
00730050
00730052
00730054
00730056
00730058
00730060
00730062
00730064
00730066
00730068
00730070
00720070
00720068
00720066
00720064
00720062
00720060
00720058
00720056
00720054
00720052
00720050
00720048
00710048
00710050
00710052
00710054
00710056
00710058
00710060
00710062
00710064
00710066
00710068
00710070
00700070
00700068
00700066
00700064
00700062
00700060
00700058
00700056
00700054
00700052
00700050
00700048
00690048
00690050
00690052
00690054
00690056
00690058
00690060
00690062
00690064
00690066
00690068
00690070
00680070
00680068
00680066
00680064
00680062
00680060
00680058
00680056
00680054
00680052
00680050
00680048
00670048
00670050
00670052
00670054
00670056
00670058
00670060
00670062
00670064
00670066
00670068
00670070
00660070
00660068
00660066
00660064
00660062
00660060
00660058
00660056
00660054
00660052
00660050
00660048
00650048
00650050
00650052
00650054
00650056
00650058
00650060
00650062
00650064
00650066
00650068
00650070
00640070
00640068
00640066
00640064
00640062
00640060
00640058
00640056
00640054
00640052
00640050
00640048
00630048
00630050
00630052
00630054
00630056
00630058
00630060
00630062
00630064
00630066
00630068
00630070
00620070
00620068
00620066
00620064
00620062
00620060
00620058
00620056
00620054
00620052
00620050
00620048
00610048
00610050
00610052
00610054
00610056
00610058
00610060
00610062
00610064
00610066
00610068
00610070
00600070
00600068
00600066
00600064
00600062
00600060
00600058
00600056
00600054
00600052
00600050
00600048
00590048
00590050
00590052
00590054
00590056
00590058
00590060
00590062
00590064
00590066
00590068
00590070
00580070
00580068
00580066
00580064
00580062
00580060
00580058
00580056
00580054
00580052
00580050
00580048
00570048
00570050
00570052
00570054
00570056
00570058
00570060
00570062
00570064
00570066
00570068
00570070
00560070
00560068
00560066
00560064
00560062
00560060
00560058
00560056
00560054
00560052
00560050
00560048
00550048
00550050
00550052
00550054
00550056
00550058
00550060
00550062
00550064
00550066
00550068
00550070
00550070
00570070
00590070
00610070
00630070
00650070
00670070
00690070
00710070
00730070
00750070
00770070
00790070
00810070
00830070
00850070
00870070
00890070
00910070
00930070
00950070
00970070
00990070
01010070
01030070
01050070
01060070
01080070
01100070
01120070
01140070
01160070
01180070
01200070
01220070
01240070
01260070
01280070
01300070
01320070
01340070
01360070
01380070
01370070
01370072
01370074
01370076
01370078
01370080
01370082
01370084
01370086
01370088
01370090
01370092
01360092
01360090
01360088
01360086
01360084
01360082
01360080
01360078
01360076
01360074
01360072
01360070
01350070
01350072
01350074
01350076
01350078
01350080
01350082
01350084
01350086
01350088
01350090
01350092
01340092
01340090
01340088
01340086
01340084
01340082
01340080
01340078
01340076
01340074
01340072
01340070
01330070
01330072
01330074
01330076
01330078
01330080
01330082
01330084
01330086
01330088
01330090
01330092
01320092
01320090
01320088
01320086
01320084
01320082
01320080
01320078
01320076
01320074
01320072
01320070
01310070
01310072
01310074
01310076
01310078
01310080
01310082
01310084
01310086
01310088
01310090
01310092
01300092
01300090
01300088
01300086
01300084
01300082
01300080
01300078
01300076
01300074
01300072
01300070
01290070
01290072
01290074
01290076
01290078
01290080
01290082
01290084
01290086
01290088
01290090
01290092
01280092
01280090
01280088
01280086
01280084
01280082
01280080
01280078
01280076
01280074
01280072
01280070
01270070
01270072
01270074
01270076
01270078
01270080
01270082
01270084
01270086
01270088
01270090
01270092
01260092
01260090
01260088
01260086
01260084
01260082
01260080
01260078
01260076
01260074
01260072
01260070
01250070
01250072
01250074
01250076
01250078
01250080
01250082
01250084
01250086
01250088
01250090
01250092
01240092
01240090
01240088
01240086
01240084
01240082
01240080
01240078
01240076
01240074
01240072
01240070
01230070
01230072
01230074
01230076
01230078
01230080
01230082
01230084
01230086
01230088
01230090
01230092
01220092
01220090
01220088
01220086
01220084
01220082
01220080
01220078
01220076
01220074
01220072
01220070
01210070
01210072
01210074
01210076
01210078
01210080
01210082
01210084
01210086
01210088
01210090
01210092
01200092
01200090
01200088
01200086
01200084
01200082
01200080
01200078
01200076
01200074
01200072
01200070
01190070
01190072
01190074
01190076
01190078
01190080
01190082
01190084
01190086
01190088
01190090
01190092
01180092
01180090
01180088
01180086
01180084
01180082
01180080
01180078
01180076
01180074
01180072
01180070
01170070
01170072
01170074
01170076
01170078
01170080
01170082
01170084
01170086
01170088
01170090
01170092
01160092
01160090
01160088
01160086
01160084
01160082
01160080
01160078
01160076
01160074
01160072
01160070
01150070
01150072
01150074
01150076
01150078
01150080
01150082
01150084
01150086
01150088
01150090
01150092
01140092
01140090
01140088
01140086
01140084
01140082
01140080
01140078
01140076
01140074
01140072
01140070
01130070
01130072
01130074
01130076
01130078
01130080
01130082
01130084
01130086
01130088
01130090
01130092
01120092
01120090
01120088
01120086
01120084
01120082
01120080
01120078
01120076
01120074
01120072
01120070
01110070
01110072
01110074
01110076
01110078
01110080
01110082
01110084
01110086
01110088
01110090
01110092
01100092
01100090
01100088
01100086
01100084
01100082
01100080
01100078
01100076
01100074
01100072
01100070
01090070
01090072
01090074
01090076
01090078
01090080
01090082
01090084
01090086
01090088
01090090
01090092
01080092
01080090
01080088
01080086
01080084
01080082
01080080
01080078
01080076
01080074
01080072
01080070
01070070
01070072
01070074
01070076
01070078
01070080
01070082
01070084
01070086
01070088
01070090
01070092
01060092
01060090
01060088
01060086
01060084
01060082
01060080
01060078
01060076
01060074
01060072
01060070
01060070
01060072
01060074
01060076
01060078
01060080
01060082
01060084
01060086
01060088
01060090
01060092
01050092
01050090
01050088
01050086
01050084
01050082
01050080
01050078
01050076
01050074
01050072
01050070
01040070
01040072
01040074
01040076
01040078
01040080
01040082
01040084
01040086
01040088
01040090
01040092
01030092
01030090
01030088
01030086
01030084
01030082
01030080
01030078
01030076
01030074
01030072
01030070
01020070
01020072
01020074
01020076
01020078
01020080
01020082
01020084
01020086
01020088
01020090
01020092
01010092
01010090
01010088
01010086
01010084
01010082
01010080
01010078
01010076
01010074
01010072
01010070
01000070
01000072
01000074
01000076
01000078
01000080
01000082
01000084
01000086
01000088
01000090
01000092
00990092
00990090
00990088
00990086
00990084
00990082
00990080
00990078
00990076
00990074
00990072
00990070
00980070
00980072
00980074
00980076
00980078
00980080
00980082
00980084
00980086
00980088
00980090
00980092
00970092
00970090
00970088
00970086
00970084
00970082
00970080
00970078
00970076
00970074
00970072
00970070
00970070
00990070
01010070
01030070
01050070
01060070
01080070
01100070
01120070
01140070
01160070
01180070
01200070
01220070
01240070
01260070
01280070
01300070
01320070
01340070
01360070
01380070
01370070
01370068
01370066
01370064
01370062
01370060
01370058
01370056
01370054
01370052
01370050
01370048
01360048
01360050
01360052
01360054
01360056
01360058
01360060
01360062
01360064
01360066
01360068
01360070
01350070
01350068
01350066
01350064
01350062
01350060
01350058
01350056
01350054
01350052
01350050
01350048
01340048
01340050
01340052
01340054
01340056
01340058
01340060
01340062
01340064
01340066
01340068
01340070
01330070
01330068
01330066
01330064
01330062
01330060
01330058
01330056
01330054
01330052
01330050
01330048
01320048
01320050
01320052
01320054
01320056
01320058
01320060
01320062
01320064
01320066
01320068
01320070
01310070
01310068
01310066
01310064
01310062
01310060
01310058
01310056
01310054
01310052
01310050
01310048
01300048
01300050
01300052
01300054
01300056
01300058
01300060
01300062
01300064
01300066
01300068
01300070
01290070
01290068
01290066
01290064
01290062
01290060
01290058
01290056
01290054
01290052
01290050
01290048
01280048
01280050
01280052
01280054
01280056
01280058
01280060
01280062
01280064
01280066
01280068
01280070
01270070
01270068
01270066
01270064
01270062
01270060
01270058
01270056
01270054
01270052
01270050
01270048
01260048
01260050
01260052
01260054
01260056
01260058
01260060
01260062
01260064
01260066
01260068
01260070
01250070
01250068
01250066
01250064
01250062
01250060
01250058
01250056
01250054
01250052
01250050
01250048
01240048
01240050
01240052
01240054
01240056
01240058
01240060
01240062
01240064
01240066
01240068
01240070
01230070
01230068
01230066
01230064
01230062
01230060
01230058
01230056
01230054
01230052
01230050
01230048
01220048
01220050
01220052
01220054
01220056
01220058
01220060
01220062
01220064
01220066
01220068
01220070
01210070
01210068
01210066
01210064
01210062
01210060
01210058
01210056
01210054
01210052
01210050
01210048
01200048
01200050
01200052
01200054
01200056
01200058
01200060
01200062
01200064
01200066
01200068
01200070
01190070
01190068
01190066
01190064
01190062
01190060
01190058
01190056
01190054
01190052
01190050
01190048
01180048
01180050
01180052
01180054
01180056
01180058
01180060
01180062
01180064
01180066
01180068
01180070
01170070
01170068
01170066
01170064
01170062
01170060
01170058
01170056
01170054
01170052
01170050
01170048
01160048
01160050
01160052
01160054
01160056
01160058
01160060
01160062
01160064
01160066
01160068
01160070
01150070
01150068
01150066
01150064
01150062
01150060
01150058
01150056
01150054
01150052
01150050
01150048
01140048
01140050
01140052
01140054
01140056
01140058
01140060
01140062
01140064
01140066
01140068
01140070
01130070
01130068
01130066
01130064
01130062
01130060
01130058
01130056
01130054
01130052
01130050
01130048
01120048
01120050
01120052
01120054
01120056
01120058
01120060
01120062
01120064
01120066
01120068
01120070
01110070
01110068
01110066
01110064
01110062
01110060
01110058
01110056
01110054
01110052
01110050
01110048
01100048
01100050
01100052
01100054
01100056
01100058
01100060
01100062
01100064
01100066
01100068
01100070
01090070
01090068
01090066
01090064
01090062
01090060
01090058
01090056
01090054
01090052
01090050
01090048
01080048
01080050
01080052
01080054
01080056
01080058
01080060
01080062
01080064
01080066
01080068
01080070
01070070
01070068
01070066
01070064
01070062
01070060
01070058
01070056
01070054
01070052
01070050
01070048
01060048
01060050
01060052
01060054
01060056
01060058
01060060
01060062
01060064
01060066
01060068
01060070
01060070
01060068
01060066
01060064
01060062
01060060
01060058
01060056
01060054
01060052
01060050
01060048
01050048
01050050
01050052
01050054
01050056
01050058
01050060
01050062
01050064
01050066
01050068
01050070
01040070
01040068
01040066
01040064
01040062
01040060
01040058
01040056
01040054
01040052
01040050
01040048
01030048
01030050
01030052
01030054
01030056
01030058
01030060
01030062
01030064
01030066
01030068
01030070
01020070
01020068
01020066
01020064
01020062
01020060
01020058
01020056
01020054
01020052
01020050
01020048
01010048
01010050
01010052
01010054
01010056
01010058
01010060
01010062
01010064
01010066
01010068
01010070
01000070
01000068
01000066
01000064
01000062
01000060
01000058
01000056
01000054
01000052
01000050
01000048
00990048
00990050
00990052
00990054
00990056
00990058
00990060
00990062
00990064
00990066
00990068
00990070
00980070
00980068
00980066
00980064
00980062
00980060
00980058
00980056
00980054
00980052
00980050
00980048
00970048
00970050
00970052
00970054
00970056
00970058
00970060
00970062
00970064
00970066
00970068
00970070
