00510048
00520050
00530051
00540053
00550055
00560056
00570058
00580060
00590062
00600063
00610065
00630065
00650065
00670065
00690065
00710065
00730065
00750065
00770065
00790065
00810065
00830065
00850065
00870065
00890065
00910065
00930065
00950065
00970065
00990065
01010065
01010065
01010067
01010069
01010071
01010073
01010075
01010077
01010079
01010081
01010083
01010085
01010087
01010089
01010091
01010093
01010095
01010097
01010099
01010101
01010103
01010105
00990105
00970105
00950105
00930105
00910105
00890105
00870105
00850105
00830105
00810105
00790105
00770105
00750105
00730105
00710105
00690105
00670105
00650105
00630105
00610105
00610105
00610103
00610101
00610099
00610097
00610095
00610093
00610091
00610089
00610087
00610085
00610083
00610081
00610079
00610077
00610075
00610073
00610071
00610069
00610067
00610065
00590064
00570063
00550062
00540061
00520060
00500059
00480058
00470057
00450056
00430055
00430055
00450055
00470055
00490056
00510056
00530056
00550056
00570056
00590056
00610057
00630057
00650057
00670057
00690057
00710057
00730058
00750058
00770058
00790058
00810058
00830058
00850059
00870059
00890059
00910059
00930059
00950059
00970059
00990060
01010060
01030060
01050060
01070060
01090060
01110061
01130061
01150061
01170061
01190061
01210061
01230062
01250062
01270062
01290062
01310062
01330062
01350063
01370063
01390063
01410063
01430063
01450063
01470064
01490064
01510064
01530064
01550064
01570064
01590065
01610065
01630065
01650065
01670065
01690065
01710066
01730066
01750066
01770066
01790066
01810066
01830067
01850067
01870067
01890067
01910067
01930067
01950067
01970067
01990067
02010067
02030067
02050067
02070067
02090067
02110067
02130067
02150067
02170067
02190067
02210067
02230067
02250067
02250067
02250069
02250071
02250073
02250075
02250077
02250079
02250081
02250083
02250085
02250087
02250089
02250091
02250093
02250095
02250097
02250099
02250101
02250103
02250105
02250107
02230107
02210107
02190107
02170107
02150107
02130107
02110107
02090107
02070107
02050107
02030107
02010107
01990107
01970107
01950107
01930107
01910107
01890107
01870107
01850107
01850107
01850105
01850103
01850101
01850099
01850097
01850095
01850093
01850091
01850089
01850087
01850085
01850083
01850081
01850079
01850077
01850075
01850073
01850071
01850069
01850067
01830066
01810065
01800064
01780063
01760062
01740061
01730060
01710059
01690058
01670057
01670057
01690057
01710057
01730057
01750057
01770057
01790057
01810057
01830057
01850057
01870057
01890057
01910057
01930057
01950057
01970057
01990057
02010057
02030057
02050057
02070057
02090057
02110058
02130058
02150058
02170058
02190058
02210058
02230058
02250058
02270058
02290058
02310058
02330058
02350058
02370058
02390058
02410058
02430058
02450058
02470058
02490058
02510058
02530058
02550058
02570058
02590058
02610059
02630059
02650059
02660059
02680059
02700059
02720059
02740059
02760059
02780059
02800059
02820059
02840059
02860059
02880059
02900059
02920059
02940059
02960059
02980059
03000059
03020059
03040059
03060059
03080059
03100059
03120060
03140060
03160060
03180060
03200060
03220060
03240060
03260060
03280060
03300060
03320060
03340060
03360060
03380060
03400060
03420060
03440060
03460060
03480060
03500060
03520060
03540060
03560060
03560060
03560062
03560064
03560066
03560068
03560070
03560072
03560074
03560076
03560078
03560080
03560082
03560084
03560086
03560088
03560090
03560092
03560094
03560096
03560098
03560100
03540100
03520100
03500100
03480100
03460100
03440100
03420100
03400100
03380100
03360100
03340100
03320100
03300100
03280100
03260100
03240100
03220100
03200100
03180100
03160100
03160100
03160098
03160096
03160094
03160092
03160090
03160088
03160086
03160084
03160082
03160080
03160078
03160076
03160074
03160072
03160070
03160068
03160066
03160064
03160062
03160060
03140059
03130058
03110057
03090056
03070055
03060054
03040053
03020052
03000051
02990050
02990050
03010050
03030050
03050051
03060051
03080051
03100052
03120052
03140052
03160053
03180053
03200054
03220054
03240054
03260055
03280055
03300055
03320056
03340056
03360056
03380057
03400057
03420057
03430058
03450058
03470059
03490059
03510059
03530060
03550060
03570060
03590061
03610061
03630061
03650062
03670062
03690062
03710063
03730063
03750064
03770064
03790064
03800065
03820065
03840065
03860066
03880066
03900066
03920067
03940067
03960068
03980068
04000068
04020069
04040069
04060069
04080070
04100070
04120070
04140071
04150071
04170071
04190072
04210072
04230072
04250072
04270072
04290072
04310072
04330072
04350072
04370072
04390072
04410072
04430072
04450072
04470072
04490072
04510072
04530072
04550072
04570072
04590072
04610072
04610072
04610074
04610076
04610078
04610080
04610082
04610084
04610086
04610088
04610090
04610092
04610094
04610096
04610098
04610100
04610102
04610104
04610106
04610108
04610110
04610112
04590112
04570112
04550112
04530112
04510112
04490112
04470112
04450112
04430112
04410112
04390112
04370112
04350112
04330112
04310112
04290112
04270112
04250112
04230112
04210112
04210112
04210110
04210108
04210106
04210104
04210102
04210100
04210098
04210096
04210094
04210092
04210090
04210088
04210086
04210084
04210082
04210080
04210078
04210076
04210074
04210072
04200071
04180070
04160069
04140068
04130067
04110066
04090065
04070064
04060063
04040062
04040062
04040064
04040066
04050068
04050070
04050072
04050074
04050076
04050078
04050080
04060082
04060084
04060086
04060088
04060090
04060092
04070094
04070096
04070098
04070100
04070102
04070104
04080106
04080108
04080110
04080112
04080114
04080116
04090118
04090120
04090122
04090124
04090126
04090128
04100130
04100132
04100134
04100136
04100138
04100140
04110142
04110144
04110146
04110148
04110150
04110152
04120154
04120156
04120158
04120160
04120162
04120164
04130166
04130168
04150168
04170168
04190168
04210168
04230168
04250168
04270168
04290168
04310168
04330168
04350168
04370168
04390168
04410168
04430168
04450168
04470168
04490168
04510168
04530168
04530168
04530170
04530172
04530174
04530176
04530178
04530180
04530182
04530184
04530186
04530188
04530190
04530192
04530194
04530196
04530198
04530200
04530202
04530204
04530206
04530208
04510208
04490208
04470208
04450208
04430208
04410208
04390208
04370208
04350208
04330208
04310208
04290208
04270208
04250208
04230208
04210208
04190208
04170208
04150208
04130208
04130208
04130206
04130204
04130202
04130200
04130198
04130196
04130194
04130192
04130190
04130188
04130186
04130184
04130182
04130180
04130178
04130176
04130174
04130172
04130170
04130168
04110167
04090166
04080165
04060164
04040163
04020162
04010161
03990160
03970159
03950158
03950158
03930158
03910158
03900158
03880158
03860159
03840159
03820159
03800159
03780159
03760160
03740160
03720160
03700160
03680160
03660161
03640161
03620161
03600161
03580161
03560162
03540162
03520162
03500162
03480162
03470163
03450163
03430163
03410163
03390163
03370164
03350164
03330164
03310164
03290164
03270165
03250165
03230165
03210165
03190165
03170166
03150166
03130166
03110166
03130166
03150166
03170166
03190166
03210166
03230166
03250166
03270166
03290166
03310166
03330166
03350166
03370166
03390166
03410166
03430166
03450166
03470166
03490166
03510166
03510166
03510168
03510170
03510172
03510174
03510176
03510178
03510180
03510182
03510184
03510186
03510188
03510190
03510192
03510194
03510196
03510198
03510200
03510202
03510204
03510206
03490206
03470206
03450206
03430206
03410206
03390206
03370206
03350206
03330206
03310206
03290206
03270206
03250206
03230206
03210206
03190206
03170206
03150206
03130206
03110206
03110206
03110204
03110202
03110200
03110198
03110196
03110194
03110192
03110190
03110188
03110186
03110184
03110182
03110180
03110178
03110176
03110174
03110172
03110170
03110168
03110166
03100165
03080164
03060163
03040162
03030161
03010160
02990159
02970158
02960157
02940156
02940156
02920156
02900156
02880156
02860156
02840157
02820157
02800157
02780157
02760157
02740157
02720157
02700157
02680157
02660157
02640158
02620158
02600158
02590158
02570158
02550158
02530158
02510158
02490158
02470158
02450158
02430159
02410159
02390159
02370159
02350159
02330159
02310159
02290159
02270159
02250159
02230160
02210160
02190160
02170160
02150160
02130160
02110160
02090160
02070160
02050160
02030161
02010161
01990161
01970161
01950161
01930161
01910161
01900161
01880161
01860161
01880161
01900161
01920161
01940161
01960161
01980161
02000161
02020161
02040161
02060161
02080161
02100161
02120161
02140161
02160161
02180161
02200161
02220161
02240161
02260161
02260161
02260163
02260165
02260167
02260169
02260171
02260173
02260175
02260177
02260179
02260181
02260183
02260185
02260187
02260189
02260191
02260193
02260195
02260197
02260199
02260201
02240201
02220201
02200201
02180201
02160201
02140201
02120201
02100201
02080201
02060201
02040201
02020201
02000201
01980201
01960201
01940201
01920201
01900201
01880201
01860201
01860201
01860199
01860197
01860195
01860193
01860191
01860189
01860187
01860185
01860183
01860181
01860179
01860177
01860175
01860173
01860171
01860169
01860167
01860165
01860163
01860161
01840160
01820159
01800158
01790157
01770156
01750155
01730154
01720153
01700152
01680151
01680151
01660151
01640152
01620152
01600152
01580152
01560152
01550152
01530152
01510152
01490153
01470153
01450153
01430153
01410153
01390153
01370153
01350153
01330154
01310154
01290154
01270154
01250154
01230154
01210154
01190154
01170155
01150155
01130155
01110155
01090155
01070155
01050155
01030155
01010156
00990156
00980156
00960156
00940156
00920156
00900156
00880156
00860157
00840157
00820157
00800157
00780157
00760157
00740157
00720157
00700157
00680158
00660158
00640158
00620158
00600158
00580158
00600158
00620158
00640158
00660158
00680158
00700158
00720158
00740158
00760158
00780158
00800158
00820158
00840158
00860158
00880158
00900158
00920158
00940158
00960158
00980158
00980158
00980160
00980162
00980164
00980166
00980168
00980170
00980172
00980174
00980176
00980178
00980180
00980182
00980184
00980186
00980188
00980190
00980192
00980194
00980196
00980198
00960198
00940198
00920198
00900198
00880198
00860198
00840198
00820198
00800198
00780198
00760198
00740198
00720198
00700198
00680198
00660198
00640198
00620198
00600198
00580198
00580198
00580196
00580194
00580192
00580190
00580188
00580186
00580184
00580182
00580180
00580178
00580176
00580174
00580172
00580170
00580168
00580166
00580164
00580162
00580160
00580158
00570157
00550156
00530155
00510154
00500153
00480152
00460151
00440150
00430149
00410148
00410148
00410150
00420152
00420154
00420156
00430158
00430160
00430162
00440164
00440166
00440168
00450170
00450172
00450174
00460176
00460178
00460180
00470182
00470184
00470185
00480187
00480189
00480191
00490193
00490195
00490197
00500199
00500201
00500203
00510205
00510207
00510209
00520211
00520213
00520215
00530217
00530219
00530221
00540223
00540225
00550227
00550229
00550231
00560233
00560235
00560236
00570238
00570240
00570242
00580244
00580246
00580248
00600248
00620248
00640248
00660248
00680248
00700248
00720248
00740248
00760248
00780248
00800248
00820248
00840248
00860248
00880248
00900248
00920248
00940248
00960248
00980248
00980248
00980250
00980252
00980254
00980256
00980258
00980260
00980262
00980264
00980266
00980268
00980270
00980272
00980274
00980276
00980278
00980280
00980282
00980284
00980286
00980288
00960288
00940288
00920288
00900288
00880288
00860288
00840288
00820288
00800288
00780288
00760288
00740288
00720288
00700288
00680288
00660288
00640288
00620288
00600288
00580288
00580288
00580286
00580284
00580282
00580280
00580278
00580276
00580274
00580272
00580270
00580268
00580266
00580264
00580262
00580260
00580258
00580256
00580254
00580252
00580250
00580248
00570247
00550246
00530245
00510244
00500243
00480242
00460241
00440240
00430239
00410238
00410238
00430238
00450239
00470239
00490239
00510239
00530239
00550239
00570240
00590240
00610240
00630240
00650240
00670241
00690241
00710241
00730241
00750241
00770241
00790242
00810242
00830242
00850242
00860242
00880243
00900243
00920243
00940243
00960243
00980243
01000244
01020244
01040244
01060244
01080244
01100245
01120245
01140245
01160245
01180245
01200245
01220246
01240246
01260246
01280246
01300246
01320247
01340247
01360247
01380247
01400247
01420247
01440248
01460248
01480248
01500248
01520248
01540248
01560249
01580249
01600249
01620249
01640249
01660250
01680250
01700250
01720250
01740250
01760250
01780251
01800251
01820251
01840251
01860251
01880251
01900251
01920251
01940251
01960251
01980251
02000251
02020251
02040251
02060251
02080251
02100251
02120251
02140251
02160251
02180251
02200251
02220251
02240251
02260251
02260251
02260253
02260255
02260257
02260259
02260261
02260263
02260265
02260267
02260269
02260271
02260273
02260275
02260277
02260279
02260281
02260283
02260285
02260287
02260289
02260291
02240291
02220291
02200291
02180291
02160291
02140291
02120291
02100291
02080291
02060291
02040291
02020291
02000291
01980291
01960291
01940291
01920291
01900291
01880291
01860291
01860291
01860289
01860287
01860285
01860283
01860281
01860279
01860277
01860275
01860273
01860271
01860269
01860267
01860265
01860263
01860261
01860259
01860257
01860255
01860253
01860251
01840250
01820249
01800248
01790247
01770246
01750245
01730244
01720243
01700242
01680241
01680241
01700242
01720242
01740242
01760242
01780242
01800243
01820243
01840243
01860243
01880243
01900244
01920244
01940244
01960244
01980244
02000245
02020245
02040245
02060245
02080245
02100246
02120246
02140246
02160246
02180246
02200247
02220247
02240247
02260247
02280248
02300248
02320248
02340248
02360248
02380249
02400249
02420249
02440249
02460249
02480250
02500250
02520250
02540250
02560250
02580251
02600251
02620251
02640251
02660251
02680252
02700252
02720252
02740252
02760252
02780253
02800253
02820253
02840253
02850253
02870254
02890254
02910254
02930254
02950254
02970255
02990255
03010255
03030255
03050255
03070256
03090256
03110256
03130256
03150256
03170256
03190256
03210256
03230256
03250256
03270256
03290256
03310256
03330256
03350256
03370256
03390256
03410256
03430256
03450256
03470256
03490256
03510256
03510256
03510258
03510260
03510262
03510264
03510266
03510268
03510270
03510272
03510274
03510276
03510278
03510280
03510282
03510284
03510286
03510288
03510290
03510292
03510294
03510296
03490296
03470296
03450296
03430296
03410296
03390296
03370296
03350296
03330296
03310296
03290296
03270296
03250296
03230296
03210296
03190296
03170296
03150296
03130296
03110296
03110296
03110294
03110292
03110290
03110288
03110286
03110284
03110282
03110280
03110278
03110276
03110274
03110272
03110270
03110268
03110266
03110264
03110262
03110260
03110258
03110256
03100255
03080254
03060253
03040252
03030251
03010250
02990249
02970248
02960247
02940246
02940246
02960246
02980246
03000247
03020247
03040247
03060247
03080247
03100248
03120248
03140248
03160248
03180248
03200249
03220249
03240249
03260249
03280249
03300250
03320250
03340250
03360250
03380250
03400251
03410251
03430251
03450251
03470251
03490251
03510252
03530252
03550252
03570252
03590252
03610253
03630253
03650253
03670253
03690253
03710254
03730254
03750254
03770254
03790254
03810255
03830255
03850255
03870255
03890255
03910256
03930256
03950256
03970256
03990256
04010257
04030257
04050257
04070257
04090257
04110257
04130258
04150258
04170258
04190258
04210258
04230258
04250258
04270258
04290258
04310258
04330258
04350258
04370258
04390258
04410258
04430258
04450258
04470258
04490258
04510258
04530258
04530258
04530260
04530262
04530264
04530266
04530268
04530270
04530272
04530274
04530276
04530278
04530280
04530282
04530284
04530286
04530288
04530290
04530292
04530294
04530296
04530298
04510298
04490298
04470298
04450298
04430298
04410298
04390298
04370298
04350298
04330298
04310298
04290298
04270298
04250298
04230298
04210298
04190298
04170298
04150298
04130298
04130298
04130296
04130294
04130292
04130290
04130288
04130286
04130284
04130282
04130280
04130278
04130276
04130274
04130272
04130270
04130268
04130266
04130264
04130262
04130260
04130258
04110257
04090256
04080255
04060254
04040253
04020252
04010251
03990250
03970249
03950248
