00000000
00950034
00950034
00950034
00950034
00950034
00950034
00950034
00950036
00940036
00940034
00930034
00930036
00930036
00930036
00930036
00930036
00920036
00920036
00920036
00920036
00920034
00910034
00910036
00910038
00910040
00910042
00910044
00910046
00910048
00910049
00910051
00910053
00910055
00910057
00910059
00910061
00910063
00910065
00900065
00900063
00900061
00900059
00900057
00900055
00900053
00900051
00900049
00900048
00900046
00900044
00900042
00900040
00900038
00900036
00900034
00890034
00890036
00890038
00890040
00890042
00890044
00890046
00890048
00890049
00890051
00890053
00890055
00890057
00890059
00890061
00890063
00890065
00880065
00880063
00880061
00880059
00880057
00880055
00880053
00880051
00880049
00880048
00880046
00880044
00880042
00880040
00880038
00880036
00880034
00870034
00870036
00870038
00870040
00870042
00870044
00870046
00870048
00870049
00870051
00870053
00870055
00870057
00870059
00870061
00870063
00870065
00860065
00860063
00860062
00860060
00850058
00850060
00850062
00850064
00850062
00840061
00840059
00840057
00840055
00840053
00830051
00830053
00830055
00830057
00830055
00820054
00820052
00820050
00820048
00820046
00810044
00810046
00810048
00810050
00810048
00800046
00800044
00800043
00800041
00800039
00790037
00790039
00790041
00790043
00790045
00790047
00780049
00780047
00780045
00780043
00780042
00780040
00780038
00780036
00780034
00770034
00770036
00770038
00770040
00770042
00770043
00770045
00770047
00770049
00770051
00770053
00770055
00760057
00760055
00760053
00760051
00760049
00760047
00760045
00760043
00760041
00760039
00760037
00760039
00750041
00750043
00750045
00750047
00750049
00750051
00750053
00750055
00750057
00750059
00750061
00750062
00740064
00740062
00740060
00740058
00740056
00740054
00740052
00740050
00740048
00740046
00740044
00740046
00730048
00730050
00730052
00730054
00730056
00730057
00730059
00730061
00730063
00730065
00720065
00720063
00720061
00720059
00720057
00720056
00720054
00720052
00720054
00710056
00710058
00710059
00710061
00710063
00710065
00700065
00700063
00700061
00700060
00700061
00700063
00690065
00690063
00690061
00690059
00690057
00690055
00690053
00690051
00690049
00690048
00690046
00690044
00690042
00690040
00690038
00690036
00690034
00680034
00680036
00680038
00680040
00680042
00680044
00680046
00680048
00680049
00680051
00680053
00680055
00680057
00680059
00680061
00680063
00680065
00670065
00670063
00670063
00670063
00670063
00670063
00670063
00670063
00670063
00670063
00660063
00660065
00650065
00650063
00640063
00640065
00650063
00660063
00670063
00670063
00670063
00670063
00670063
00670063
00670063
00670063
00680063
00680063
00680063
00680063
00680063
00680063
00680062
00680062
00680062
00680062
00680062
00680062
00680062
00680062
00680061
00680061
00680061
00680061
00680059
00680057
00680055
00680053
00680051
00680049
00680047
00680045
00680043
00680041
00680041
00680040
00680040
00680040
00680040
00680039
00680039
00680039
00680039
00680038
00680038
00680038
00680038
00670038
00670036
00670034
00660034
00660035
00660037
00660036
00660036
00660036
00660036
00660036
00660036
00660036
00650036
00650034
00640034
00640036
00650036
00650036
00650036
00650036
00650036
00650036
00660036
00660036
00670036
00690037
00700037
00700036
00700034
00710034
00710035
00710036
00720036
00720036
00720036
00720036
00720036
00720036
00720036
00720034
00730034
00730036
00730036
00730036
00730036
00720036
00720036
00720036
00720036
00720036
00720036
00710036
00710036
00710037
00710037
00710037
00710037
00710037
00710037
00700037
00700037
00700037
00700037
00700038
00700038
00700038
00700038
00700038
00700038
00700039
00700039
00700039
00700039
00700040
00700040
00700040
00690040
00690040
00690042
00690044
00690046
00690048
00690050
00690052
00690054
00690056
00690057
00690059
00690061
00690063
00700061
00700059
00710057
00710056
00720054
00720052
00730050
00730048
00740046
00740044
00750042
00750040
00760039
00760037
00770035
00790035
00790037
00800039
00800041
00810042
00810044
00820046
00820048
00830050
00830052
00840054
00840055
00850057
00850059
00860061
00860063
00860061
00860059
00860057
00860055
00860053
00860051
00860049
00860047
00860045
00860043
00860041
00860039
00860037
00860037
00860037
00860037
00860037
00860037
00860037
00860037
00860036
00860036
00860036
00860036
00860036
00860036
00860036
00860036
00860036
00860036
00860036
00850036
00850036
00850036
00850036
00850036
00840036
00830036
00830036
00830036
00830034
00840034
00840036
00850036
00850036
00850036
00850034
00860034
00860035
00860036
00860036
00860037
00860037
00860037
00860037
00860037
00860037
00860037
00860037
00860038
00870039
00870041
00880043
00880045
00890047
00890049
00890051
00900053
00900054
00910056
00910058
00910060
00910061
00910062
00910062
00920062
00920062
00920062
00920062
00920062
00920062
00920063
00920063
00920063
00920063
00920063
00920063
00920063
00920063
00920065
00930065
00930063
00940063
00940065
00950065
00950063
00950063
00950063
01210045
01210045
01210045
01210045
01210045
01210045
01210045
01210045
01200045
01200043
01200042
01200040
01200038
01200036
01200034
01190034
01190036
01190038
01190040
01190042
01190042
01190042
01180041
01180041
01180041
01180041
01180040
01180040
01180040
01180040
01180038
01180036
01180034
01170034
01170036
01170038
01170038
01160038
01160038
01160038
01160037
01160037
01160037
01160036
01160034
01150034
01150035
01150037
01150036
01140036
01140036
01140036
01140036
01140036
01140034
01130034
01130036
01130036
01130036
01120036
01120036
01120036
01120034
01110034
01110036
01100036
01100034
01090034
01090036
01090036
01080036
01080036
01080036
01080036
01080036
01080034
01070034
01070035
01070036
01060035
01060034
01060036
01060038
01060040
01060042
01060044
01060046
01060048
01060049
01060051
01060053
01060055
01060057
01060059
01060061
01060063
01060065
01050065
01050063
01050061
01050059
01050057
01050055
01050053
01050051
01050049
01050048
01050046
01050044
01050042
01050040
01050038
01050036
01050034
01040034
01040036
01040038
01040040
01040042
01040044
01040046
01040048
01040049
01040051
01040053
01040055
01040057
01040059
01040061
01040063
01040065
01030065
01030063
01030061
01030059
01030057
01030055
01030053
01030051
01030049
01030048
01030046
01030044
01030042
01030040
01030038
01030036
01030034
01020034
01020036
01020038
01020040
01020042
01020044
01020046
01020048
01020049
01020051
01020053
01020055
01020057
01020059
01020061
01020063
01020065
01010065
01010063
01010063
01010063
01010063
01010063
01000063
01000063
01000063
01000063
01000065
00990065
00990063
00980063
00980065
01000065
01020065
01030065
01050065
01070065
01070064
01070062
01070062
01070063
01070063
01070063
01070063
01070063
01070063
01070063
01070063
01080063
01080063
01080063
01080063
01080065
01090065
01090063
01100063
01100065
01110065
01110063
01120063
01120063
01120065
01130065
01130063
01130063
01130063
01130063
01140063
01140063
01140063
01140065
01150065
01150064
01150062
01150062
01150062
01150062
01150062
01160062
01160062
01160062
01160063
01160065
01170065
01170063
01170061
01170061
01170060
01170060
01170060
01170060
01170060
01170059
01180059
01180059
01180059
01180061
01180063
01180065
01190065
01190063
01190061
01190060
01190058
01190056
01190054
01190054
01190054
01200054
01200056
01200058
01200060
01200062
01180061
01170060
01170060
01170060
01170060
01170061
01170061
01170061
01160061
01160061
01160061
01160062
01160062
01160062
01160062
01150062
01150062
01150062
01150062
01150062
01150063
01140063
01140063
01140063
01140063
01140063
01130063
01130063
01130063
01130063
01120063
01120063
01120063
01100063
01080063
01080063
01080063
01080063
01080063
01080063
01080063
01070063
01070063
01070063
01070063
01070063
01070063
01070063
01070063
01070062
01070062
01070062
01070062
01070062
01070062
01070062
01070062
01070061
01070060
01070058
01070056
01070054
01070052
01070051
01080051
01080051
01080051
01080051
01090051
01090051
01090051
01090051
01090051
01090051
01100051
01100051
01100051
01100051
01100051
01100051
01110052
01110052
01110052
01110052
01110052
01110052
01110052
01110052
01110053
01120053
01120053
01120053
01120053
01120053
01120054
01120054
01120054
01120054
01120055
01120055
01120055
01120056
01130056
01130056
01130057
01140057
01140055
01140053
01140051
01140049
01140047
01140045
01140043
01130043
01130045
01130047
01130049
01130051
01130053
01130055
01130057
01130057
01130056
01130056
01120056
01120055
01120055
01120055
01120054
01120054
01120054
01120054
01120053
01120053
01120053
01120052
01120050
01120048
01120046
01120046
01120047
01120047
01110047
01110047
01110047
01110047
01110047
01110048
01110048
01110048
01110048
01110050
01110052
01110052
01110052
01110052
01100051
01100051
01100051
01100051
01100051
01100050
01100048
01100049
01100049
01090049
01090049
01090049
01090049
01090051
01090051
01090051
01080051
01080051
01080051
01080051
01080051
01080049
01080049
01070049
01070051
01060049
01050047
01050045
01040043
01030041
01020040
01020038
01020038
01020037
01020037
01020037
01020037
01020037
01020037
01020037
01020037
01010036
01010036
01010036
01010036
01010036
01010036
01010036
01010036
01010036
01010034
01000034
01000036
00990036
00990034
00980034
00980036
00980036
00980036
01470040
01470040
01470040
01470040
01470040
01470040
01470040
01470040
01460040
01460039
01460037
01460035
01460035
01460035
01460035
01460035
01460035
01460035
01460035
01460034
01450034
01450034
01450034
01450036
01450037
01450037
01450037
01450037
01450037
01450037
01450037
01450037
01450037
01450037
01450037
01450037
01450037
01450037
01440037
01440037
01440037
01440037
01440035
01440034
01440034
01440034
01440034
01440033
01440033
01430033
01430033
01430035
01430037
01430039
01430039
01430040
01430040
01430041
01430041
01430042
01430042
01420043
01420043
01420041
01420039
01420037
01420035
01420033
01420033
01420033
01420033
01420033
01420033
01410033
01410033
01410035
01410037
01410039
01410041
01410042
01410044
01410046
01410046
01410046
01410047
01410047
01410047
01410047
01400047
01400047
01400046
01400044
01400042
01400040
01400038
01400036
01400034
01400034
01400034
01400034
01400034
01400034
01400035
01400035
01400035
01390035
01390035
01390037
01390039
01390041
01390043
01390045
01390047
01390048
01390048
01390049
01390049
01390049
01390049
01380049
01380049
01380047
01380045
01380044
01380042
01380040
01380038
01380039
01380040
01380041
01380041
01380042
01380043
01380043
01370044
01370044
01370046
01370048
01370049
01370049
01370049
01370049
01370049
01370049
01370051
01370052
01370052
01380052
01380052
01380052
01380052
01380053
01380053
01380053
01380053
01380051
01380050
01390050
01390052
01390054
01390055
01390057
01390059
01390061
01390063
01390064
01390064
01400064
01400064
01400064
01400064
01400062
01400060
01400058
01400056
01400054
01400052
01400050
01410050
01410050
01410051
01410051
01410051
01410053
01410054
01410056
01410058
01410060
01410062
01410064
01410064
01420063
01420063
01420063
01420063
01420063
01420061
01420059
01420057
01420055
01420053
01420051
01420051
01420051
01430052
01430052
01430052
01430052
01430052
01430052
01430054
01430056
01430058
01430060
01430062
01430062
01440061
01440061
01440061
01440061
01440061
01440061
01440060
01440060
01440060
01440058
01440056
01440054
01430054
01410053
01400052
01380052
01360051
01360049
01360047
01360047
01360047
01360048
01360048
01360048
01360048
01360048
01360048
01360048
01350048
01350048
01350050
01350051
01350051
01350051
01350051
01350051
01340051
01340049
01340049
01340049
01340049
01340049
01330049
01330051
01320051
01320049
01320049
01320047
01320045
01320043
01320041
01320039
01320037
01320037
01320037
01320037
01320037
01320037
01320037
01320037
01320037
01320036
01320036
01320036
01320036
01320035
01320034
01330034
01330036
01330036
01340036
01340034
01350034
01350036
01340035
01330035
01310034
01310036
01310038
01310040
01310042
01310044
01310046
01310048
01310049
01310051
01310053
01310055
01310057
01310059
01310061
01310063
01310065
01300065
01300063
01300061
01300059
01300057
01300055
01300053
01300051
01300049
01300048
01300046
01300044
01300042
01300040
01300038
01300036
01300034
01290034
01290036
01290038
01290040
01290042
01290044
01290046
01290048
01290049
01290051
01290053
01290055
01290057
01290059
01290061
01290063
01290065
01280065
01280063
01280061
01280059
01280057
01280055
01280053
01280051
01280049
01280048
01280046
01280044
01280042
01280040
01280038
01280036
01280034
01270034
01270036
01270038
01270040
01270042
01270044
01270046
01270048
01270049
01270051
01270053
01270055
01270057
01270059
01270061
01270063
01270065
01260065
01260063
01260063
01260063
01260063
01260063
01260063
01260063
01260063
01260063
01250063
01250063
01250065
01240065
01240063
01230063
01230065
01250065
01270065
01290065
01310065
01320065
01320064
01320063
01320063
01320063
01320063
01330063
01330063
01330063
01330063
01330063
01330063
01330063
01330063
01330065
01340065
01340063
01350063
01350063
01350063
01350063
01350063
01350065
01360065
01360065
01360065
01360063
01360063
01370063
01370063
01370063
01370062
01370062
01370062
01370062
01370064
01370065
01370065
01380065
01380065
01380065
01380065
01380063
01380061
01380061
01380061
01390061
01390061
01390061
01390060
01390060
01390060
01390060
01390060
01390059
01390059
01390059
01390058
01390058
01390058
01390058
01390057
01390057
01390057
01390056
01390056
01390056
01390055
01390055
01390055
01390055
01390054
01390054
01390054
01390054
01390054
01390053
01390053
01380053
01380053
01380053
01380053
01380053
01380052
01380052
01380052
01380052
01370052
01370052
01370052
01370052
01370051
01370051
01370051
01360051
01360051
01360051
01360051
01360051
01350051
01350051
01350051
01350051
01350051
01340051
01340051
01340051
01330051
01320049
01320049
01320048
01310046
01300044
01290043
01290041
01280039
01270037
01270037
01270037
01270037
01270037
01270037
01270037
01270037
01270036
01270036
01270036
01270036
01270036
01260036
01260036
01260036
01260034
01250034
01250036
01240036
01240034
01230034
01230036
01230036
01230036
01750040
01750040
01750040
01750040
01750040
01750040
01750040
01750040
01740040
01740039
01740037
01740035
01730035
01730035
01730035
01730035
01730035
01730035
01730035
01730034
01730034
01730034
01730034
01730036
01730037
01730037
01720037
01720037
01720037
01720037
01720037
01720037
01720037
01720037
01720037
01720037
01720037
01720037
01720037
01720037
01720037
01720037
01720035
01720034
01720034
01710034
01710034
01710033
01710033
01710033
01710033
01710035
01710037
01710039
01700039
01700040
01700040
01700041
01700041
01700042
01700042
01700043
01700043
01700041
01700039
01700037
01700035
01700033
01690033
01690033
01690033
01690033
01690033
01690033
01690035
01690037
01690039
01690041
01690042
01690044
01690046
01680046
01680046
01680047
01680047
01680047
01680047
01680047
01680047
01680046
01680044
01680042
01680040
01680038
01680036
01680034
01670034
01670034
01670034
01670034
01670034
01670035
01670035
01670035
01670035
01670035
01670037
01670039
01670041
01670043
01670045
01670047
01670048
01660048
01660049
01660049
01660049
01660049
01660049
01660049
01660047
01660045
01660044
01660042
01660040
01660038
01650039
01650040
01650041
01650041
01650042
01650043
01650043
01650044
01650044
01650046
01650048
01650049
01640049
01640049
01640049
01640049
01650049
01650051
01650052
01650052
01650052
01650052
01650052
01650052
01650053
01650053
01650053
01660053
01660051
01660050
01670050
01670052
01670054
01670055
01670057
01670059
01670061
01670063
01670064
01670064
01670064
01670064
01670064
01680064
01680062
01680060
01680058
01680056
01680054
01680052
01680050
01680050
01680050
01680051
01680051
01690051
01690053
01690054
01690056
01690058
01690060
01690062
01690064
01690064
01690063
01690063
01690063
01690063
01700063
01700061
01700059
01700057
01700055
01700053
01700051
01700051
01700051
01700052
01700052
01700052
01700052
01700052
01710052
01710054
01710056
01710058
01710060
01710062
01710062
01710061
01710061
01710061
01710061
01710061
01710061
01710060
01710060
01720060
01720058
01720056
01720054
01700054
01680053
01670052
01650052
01640051
01640049
01640047
01640047
01630047
01630048
01630048
01630048
01630048
01630048
01630048
01630048
01630048
01630048
01630050
01630051
01620051
01620051
01620051
01620051
01620051
01620049
01610049
01610049
01610049
01610049
01610049
01610051
01600051
01600049
01590049
01590047
01590045
01590043
01590041
01590039
01590037
01590037
01590037
01590037
01590037
01590037
01590037
01590037
01590037
01590036
01590036
01600036
01600036
01600035
01600034
01610034
01610036
01610036
01620036
01620034
01630034
01630036
01610035
01600035
01590034
01590036
01590038
01590040
01590042
01590044
01590046
01590048
01590049
01590051
01590053
01590055
01590057
01590059
01590061
01590063
01590065
01580065
01580063
01580061
01580059
01580057
01580055
01580053
01580051
01580049
01580048
01580046
01580044
01580042
01580040
01580038
01580036
01580034
01570034
01570036
01570038
01570040
01570042
01570044
01570046
01570048
01570049
01570051
01570053
01570055
01570057
01570059
01570061
01570063
01570065
01560065
01560063
01560061
01560059
01560057
01560055
01560053
01560051
01560049
01560048
01560046
01560044
01560042
01560040
01560038
01560036
01560034
01550034
01550036
01550038
01550040
01550042
01550044
01550046
01550048
01550049
01550051
01550053
01550055
01550057
01550059
01550061
01550063
01550065
01540065
01540063
01540063
01530063
01530063
01530063
01530063
01530063
01530063
01530063
01530063
01530063
01530065
01520065
01520063
01510063
01510065
01520065
01540065
01560065
01580065
01600065
01600064
01600063
01600063
01600063
01600063
01600063
01600063
01600063
01600063
01600063
01600063
01600063
01610063
01610065
01620065
01620063
01620063
01620063
01620063
01630063
01630063
01630065
01630065
01630065
01640065
01640063
01640063
01640063
01640063
01640063
01640062
01640062
01650062
01650062
01650064
01650065
01650065
01650065
01650065
01660065
01660065
01660063
01660061
01660061
01660061
01660061
01660061
01660061
01660060
01660060
01660060
01660060
01660060
01660059
01660059
01660059
01660058
01660058
01660058
01660058
01660057
01660057
01660057
01660056
01660056
01660056
01660055
01660055
01660055
01660055
01660054
01660054
01660054
01660054
01660054
01660053
01660053
01660053
01660053
01650053
01650053
01650053
01650052
01650052
01650052
01650052
01650052
01650052
01640052
01640052
01640051
01640051
01640051
01640051
01630051
01630051
01630051
01630051
01630051
01620051
01620051
01620051
01620051
01620051
01610051
01610051
01610051
01600049
01590049
01590048
01580046
01580044
01570043
01560041
01550039
01540037
01540037
01540037
01540037
01540037
01540037
01540037
01540037
01540036
01540036
01540036
01540036
01540036
01540036
01540036
01540036
01540034
01530034
01530036
01520036
01520034
01510034
01510036
01510036
01510036
02020063
02020063
02020063
02020063
02020063
02020063
02020063
02020065
02010065
02010063
02010063
02010063
02010063
02010063
02000063
02000063
02000064
02000065
01990065
01990063
01990062
01990062
01990062
01990062
01990061
01990061
01990061
01990061
01980061
01980061
01980063
01980065
01970065
01970063
01970062
01970060
01970058
01970057
01970056
01970058
01970059
01970061
01970063
01970065
01960065
01960064
01960062
01960062
01950062
01950062
01950062
01950063
01950063
01950063
01950063
01950063
01950063
01950063
01950063
01950065
01940065
01940063
01940063
01940063
01940063
01940063
01940063
01950063
01950063
01950063
01950063
01950063
01950063
01950063
01950063
01950062
01950062
01950062
01960062
01960062
01960062
01960062
01960062
01960062
01960062
01960061
01960061
01960061
01960061
01960061
01960061
01960061
01960060
01960060
01960060
01960060
01960060
01960059
01960059
01960059
01960059
01960059
01950057
01940055
01940053
01930051
01920050
01920052
01910053
01900055
01890057
01880059
01870061
01870061
01870061
01870061
01870061
01870062
01870062
01870062
01870062
01870062
01870062
01870062
01870062
01870062
01870063
01870063
01870063
01870063
01870063
01870063
01870063
01880063
01880063
01880063
01880063
01880063
01880063
01880063
01880063
01880063
01900063
01900065
01890065
01890063
01880063
01880063
01880063
01880063
01880063
01880063
01880065
01870065
01870063
01870061
01870059
01870057
01870055
01870053
01870051
01870049
01860050
01860051
01860053
01860055
01860057
01860059
01860061
01860063
01860065
01850065
01850063
01850061
01850059
01850057
01850055
01850053
01840055
01840056
01840057
01840059
01840061
01840063
01840065
01830065
01830063
01830061
01830059
01830058
01820059
01820060
01820061
01820063
01820065
01810065
01810063
01810062
01810062
01810062
01810062
01810062
01810062
01800062
01800062
01800063
01800063
01800063
01800063
01800063
01800065
01790065
01790063
01790063
01790063
01790063
01790063
01780063
01780065
01800064
01810063
01830062
01850061
01860061
01880060
01880058
01880056
01880054
01880053
01880051
01880049
01880047
01900048
01920048
01940048
01940050
01940052
01940053
01940055
01950056
01950054
01950053
01950051
01950052
01960053
01960055
01960057
01960059
01960059
01960059
01950057
01940055
01940053
01930051
01920050
01920051
01910053
01900054
01890056
01890058
01890056
01890054
01890052
01890050
01890048
01890046
01890044
01890042
01890040
01890038
01890036
01890034
01900034
01900036
01900038
01900040
01900042
01900044
01900046
01900048
01900050
01900052
01900053
01900055
01900054
01910053
01910051
01910049
01910048
01910046
01910044
01910042
01910040
01910038
01910036
01910034
01920034
01920036
01920038
01920040
01920042
01920044
01920045
01920047
01920049
01920051
01920050
01930050
01930049
01930047
01930045
01930043
01930041
01930040
01930038
01930036
01930034
01940034
01940036
01940036
01940036
01940036
01940036
01940036
01940036
01940036
01940036
01940036
01950036
01950034
01960034
01960036
01970036
01970034
01950034
01930034
01910034
01900034
01880034
01880035
01880036
01880036
01880036
01880036
01880036
01870036
01870036
01870036
01870036
01870036
01870036
01870036
01870036
01870034
01860034
01860036
01850036
01850034
01850034
01850034
02310045
02310045
02310045
02310045
02310045
02310045
02310045
02310045
02300045
02300043
02300042
02300040
02300040
02290040
02290040
02290039
02290039
02290039
02290038
02290038
02290040
02290042
02290042
02290042
02280041
02280041
02280041
02280040
02280040
02280040
02280039
02280038
02280037
02280037
02270036
02270036
02270036
02270036
02270036
02270036
02270037
02270038
02270038
02260038
02260037
02260037
02260037
02260037
02260035
02260035
02250035
02250034
02250034
02250034
02250036
02250036
02240036
02240036
02240036
02240036
02240036
02240034
02240034
02240034
02230034
02230034
02230034
02230036
02230036
02220036
02220035
02220035
02220035
02220033
02220033
02210033
02210033
02210033
02210033
02210033
02210035
02210036
02210036
02200036
02200036
02200036
02200036
02200035
02200033
02200033
02190033
02190033
02190034
02190035
02190036
02190036
02190036
02190036
02180036
02180037
02180037
02180037
02180035
02180034
02180034
02180034
02170034
02170034
02170034
02170036
02170038
02170038
02170038
02170039
02170039
02160039
02160039
02160040
02160040
02160040
02160038
02160036
02160035
02160035
02160035
02150035
02150035
02150035
02150037
02150039
02150041
02150043
02150044
02150045
02150045
02150046
02150046
02150047
02150048
02150048
02150049
02150049
02150050
02150050
02150051
02150052
02150052
02150053
02150053
02150054
02150054
02150055
02150056
02150058
02150060
02150062
02150063
02150064
02150064
02160064
02160064
02160064
02160062
02160061
02160059
02160059
02160059
02160059
02160060
02160060
02170060
02170060
02170060
02170061
02170061
02170063
02170065
02170065
02170065
02170065
02180065
02180065
02180064
02180062
02180062
02180062
02180062
02180062
02190063
02190063
02190063
02190064
02190065
02190065
02190065
02200065
02200065
02200065
02200064
02200063
02200063
02200063
02200063
02210063
02210063
02210063
02210066
02210066
02210066
02220066
02220065
02220063
02220063
02220063
02220063
02230063
02230063
02230063
02230065
02230065
02230065
02230065
02240065
02240065
02240064
02240063
02240063
02240063
02240062
02240062
02250062
02250062
02250062
02250063
02250065
02250064
02250064
02250064
02260064
02260064
02260062
02260061
02260061
02260061
02260060
02260060
02260060
02270060
02270060
02270061
02270063
02270063
02270063
02270062
02280063
02280061
02280059
02280057
02280057
02280057
02280056
02280056
02280055
02280055
02280055
02280054
02290054
02290053
02290055
02290057
02290058
02290060
02290062
02290064
02290066
02300066
02300064
02300062
02300060
02300058
02300057
02300055
02300053
02290054
02280054
02280055
02280055
02280055
02280056
02280056
02280057
02280057
02280057
02280058
02270058
02270058
02270059
02270059
02270059
02270060
02270060
02260060
02260060
02260060
02260061
02260061
02260061
02250061
02250061
02250062
02250062
02250062
02250062
02240062
02240062
02240063
02240063
02240063
02230063
02230063
02230063
02230063
02230063
02230063
02220063
02220063
02220063
02220063
02220063
02210063
02210063
02210063
02210063
02210063
02210063
02200063
02200063
02200063
02200063
02200063
02190063
02190063
02190063
02190063
02190063
02190063
02180062
02180062
02180062
02180062
02180062
02180062
02180061
02170061
02170061
02170061
02170061
02160062
02140063
02140061
02140059
02140057
02140055
02140053
02140051
02140049
02140047
02140046
02140044
02140042
02140040
02140038
02140036
02140036
02140036
02140037
02130037
02130037
02130037
02130039
02130041
02130043
02130045
02130046
02130048
02130050
02130052
02130054
02130056
02130058
02130060
02130061
02130061
02130061
02120061
02120060
02120060
02120058
02120056
02120054
02120052
02120050
02120048
02120046
02120044
02120042
02120040
02120038
02120039
02120039
02120039
02110040
02110040
02110040
02110042
02110044
02110046
02110047
02110049
02110051
02110053
02110055
02110057
02110059
02110058
02110058
02110058
02110057
02100057
02100057
02100056
02100056
02100054
02100052
02100050
02100048
02100046
02100044
02100042
02100042
02100043
02100043
02100044
02100044
02100044
02100045
02100045
02090046
02090046
02090046
02090047
02090047
02090048
02090048
02090049
02090049
02090049
02090049
02090049
02590034
02590034
02590034
02590034
02590034
02590034
02590034
02590036
02580036
02580034
02570034
02570036
02570036
02570036
02570036
02570036
02570036
02570036
02570036
02570036
02570036
02560036
02560036
02560036
02560036
02560037
02560037
02560037
02560035
02560034
02550034
02550036
02550038
02550040
02550042
02550044
02550046
02550048
02550049
02550051
02550053
02550055
02550057
02550059
02550061
02550063
02550065
02540065
02540063
02540061
02540059
02540057
02540055
02540053
02540051
02540049
02540048
02540046
02540044
02540042
02540040
02540038
02540036
02540034
02530034
02530036
02530038
02530040
02530042
02530044
02530046
02530048
02530049
02530051
02530053
02530055
02530057
02530059
02530061
02530063
02530065
02520065
02520063
02520061
02520059
02520057
02520055
02520053
02520051
02520049
02520048
02520046
02520044
02520042
02520040
02520038
02520036
02520034
02510034
02510036
02510038
02510040
02510042
02510044
02510046
02510048
02510049
02510051
02510053
02510055
02510057
02510059
02510061
02510063
02510065
02500065
02500063
02500063
02500063
02500063
02500063
02500063
02500063
02500063
02490063
02490065
02480065
02480063
02500063
02500063
02500063
02500063
02500063
02500063
02500063
02500063
02500063
02510063
02510063
02510063
02510063
02510063
02510063
02510062
02510062
02510062
02510062
02510062
02510062
02510062
02510062
02510061
02510061
02510061
02510059
02510057
02510055
02510053
02510051
02490051
02470051
02450051
02440051
02420051
02420053
02420055
02420057
02420059
02420061
02420062
02420062
02420062
02420062
02420062
02420062
02420062
02420062
02420063
02420063
02420063
02420063
02420063
02420063
02420063
02420063
02420063
02420065
02430065
02430063
02440063
02440065
02430065
02420065
02420063
02420061
02420059
02420057
02420055
02420053
02420051
02420049
02420048
02420046
02420044
02420042
02420040
02420038
02420036
02420034
02410034
02410036
02410038
02410040
02410042
02410044
02410046
02410048
02410049
02410051
02410053
02410055
02410057
02410059
02410061
02410063
02410065
02400065
02400063
02400061
02400059
02400057
02400055
02400053
02400051
02400049
02400048
02400046
02400044
02400042
02400040
02400038
02400036
02400034
02390034
02390036
02390038
02390040
02390042
02390044
02390046
02390048
02390049
02390051
02390053
02390055
02390057
02390059
02390061
02390063
02390065
02380065
02380063
02380061
02380059
02380057
02380055
02380053
02380051
02380049
02380048
02380046
02380044
02380042
02380040
02380038
02380036
02380034
02370034
02370035
02370037
02370037
02370036
02360036
02360036
02360036
02360036
02360036
02360036
02360036
02360036
02360036
02360036
02360036
02360036
02360036
02360036
02360034
02350034
02350036
02340036
02340034
02350034
02370034
02390034
02410034
02420034
02420036
02430036
02430036
02430036
02430036
02430034
02440034
02440036
02430036
02430036
02430036
02420036
02420036
02420036
02420036
02420036
02420036
02420036
02420036
02420036
02420036
02420036
02420036
02420037
02420037
02420037
02420037
02420037
02420037
02420037
02420038
02420039
02420041
02420043
02420045
02420047
02420049
02440049
02450049
02470049
02490049
02510049
02510047
02510045
02510043
02510041
02510039
02510038
02510037
02510037
02510037
02510037
02510037
02510037
02510037
02510036
02510036
02510036
02510036
02510036
02510036
02510036
02510036
02500036
02500036
02500036
02500034
02490034
02490036
02480036
02480034
02490036
02500036
02500036
02500036
02500036
02500036
02500036
02500036
02500036
02510036
02510036
02510036
02510036
02510036
02510036
02510036
02510036
02510037
02510037
02510037
02510037
02510037
02510037
02510037
02510038
02510039
02510041
02510043
02510045
02510047
02510049
02500049
02500050
02500051
02490051
02490050
02490049
02480049
02480050
02480051
02470051
02470050
02470049
02460049
02460050
02460051
02450051
02450050
02450049
02440049
02440050
02440051
02430051
02430050
02430049
02420049
02420050
02420051
02420051
02420053
02410054
02400056
02390057
02380059
02370060
02370062
02370063
02370065
02360065
02360063
02360063
02350063
02350063
02350063
02350063
02350063
02350065
02340065
02340063
02350063
02350063
02350063
02350063
02360063
02360063
02370063
02390063
02400063
02420063
02420063
02420063
02420063
02420062
02420062
02420062
02420062
02420062
02420062
02420062
02420062
02420061
02420059
02420057
02420055
02420053
02420051
02440051
02450051
02470051
02490051
02510051
02510053
02510055
02510057
02510059
02510061
02510061
02510061
02510062
02510062
02510062
02510062
02510062
02510062
02510062
02510062
02530062
02540062
02560062
02560063
02560065
02570065
02570063
02570063
02570063
02580063
02580063
02580063
02580065
02590065
02590063
02590063
02590063
02860040
02860040
02860040
02860040
02860040
02860040
02860040
02860040
02850040
02850039
02850037
02850035
02850035
02850035
02850035
02850035
02840035
02840035
02840035
02840034
02840034
02840034
02840034
02840036
02840037
02840037
02840037
02840037
02840037
02840037
02840037
02830037
02830037
02830037
02830037
02830037
02830037
02830037
02830037
02830037
02830037
02830037
02830035
02830034
02830034
02830034
02830034
02820033
02820033
02820033
02820033
02820035
02820037
02820039
02820039
02820040
02820040
02810041
02810041
02810042
02810042
02810043
02810043
02810041
02810039
02810037
02810035
02810033
02810033
02810033
02810033
02800033
02800033
02800033
02800033
02800035
02800037
02800039
02800041
02800042
02800044
02800046
02800046
02800046
02800047
02790047
02790047
02790047
02790047
02790047
02790046
02790044
02790042
02790040
02790038
02790036
02790034
02790034
02790034
02790034
02790034
02780034
02780035
02780035
02780035
02780035
02780035
02780037
02780039
02780041
02780043
02780045
02780047
02780048
02780048
02780049
02780049
02770049
02770049
02770049
02770049
02770047
02770045
02770044
02770042
02770040
02770038
02770039
02770040
02770041
02760041
02760042
02760043
02760043
02760044
02760044
02760046
02760048
02760049
02760049
02750049
02750049
02760049
02760049
02760051
02760052
02760052
02760052
02760052
02760052
02770052
02770053
02770053
02770053
02770053
02770051
02770050
02780050
02780052
02780054
02780055
02780057
02780059
02780061
02780063
02780064
02780064
02780064
02790064
02790064
02790064
02790062
02790060
02790058
02790056
02790054
02790052
02790050
02790050
02790050
02800051
02800051
02800051
02800053
02800054
02800056
02800058
02800060
02800062
02800064
02800064
02800063
02800063
02810063
02810063
02810063
02810061
02810059
02810057
02810055
02810053
02810051
02810051
02810051
02810052
02810052
02810052
02820052
02820052
02820052
02820054
02820056
02820058
02820060
02820062
02820062
02820061
02820061
02820061
02820061
02830061
02830061
02830060
02830060
02830060
02830058
02830056
02830054
02810054
02800053
02780052
02770052
02750051
02750049
02750047
02750047
02750047
02750048
02750048
02740048
02740048
02740048
02740048
02740048
02740048
02740048
02740050
02740051
02740051
02740051
02730051
02730051
02730051
02730049
02730049
02730049
02720049
02720049
02720049
02720051
02710051
02710049
02710049
02710047
02710045
02710043
02710041
02710039
02710037
02710037
02710037
02710037
02710037
02710037
02710037
02710037
02710037
02710036
02710036
02710036
02710036
02710035
02710034
02720034
02720036
02720036
02730036
02730034
02740034
02740036
02730035
02710035
02700034
02700036
02700038
02700040
02700042
02700044
02700046
02700048
02700049
02700051
02700053
02700055
02700057
02700059
02700061
02700063
02700065
02690065
02690063
02690061
02690059
02690057
02690055
02690053
02690051
02690049
02690048
02690046
02690044
02690042
02690040
02690038
02690036
02690034
02680034
02680036
02680038
02680040
02680042
02680044
02680046
02680048
02680049
02680051
02680053
02680055
02680057
02680059
02680061
02680063
02680065
02670065
02670063
02670061
02670059
02670057
02670055
02670053
02670051
02670049
02670048
02670046
02670044
02670042
02670040
02670038
02670036
02670034
02660034
02660036
02660038
02660040
02660042
02660044
02660046
02660048
02660049
02660051
02660053
02660055
02660057
02660059
02660061
02660063
02660065
02650065
02650063
02650063
02650063
02650063
02650063
02650063
02640063
02640063
02640063
02640063
02640063
02640065
02630065
02630063
02620063
02620065
02640065
02660065
02670065
02690065
02710065
02710064
02710063
02710063
02710063
02710063
02710063
02710063
02710063
02710063
02720063
02720063
02720063
02720063
02720065
02730065
02730063
02730063
02730063
02740063
02740063
02740063
02740065
02750065
02750065
02750065
02750063
02750063
02750063
02750063
02750063
02760062
02760062
02760062
02760062
02760064
02760065
02760065
02760065
02770065
02770065
02770065
02770063
02770061
02770061
02770061
02770061
02770061
02770061
02770060
02770060
02770060
02780060
02780060
02780059
02780059
02780059
02780058
02780058
02780058
02780058
02780057
02780057
02780057
02780056
02780056
02780056
02780055
02780055
02780055
02780055
02780054
02770054
02770054
02770054
02770054
02770053
02770053
02770053
02770053
02770053
02770053
02770053
02770052
02760052
02760052
02760052
02760052
02760052
02760052
02760052
02750051
02750051
02750051
02750051
02750051
02750051
02740051
02740051
02740051
02740051
02740051
02730051
02730051
02730051
02730051
02730051
02720051
02710049
02710049
02710048
02700046
02690044
02680043
02670041
02660039
02660037
02660037
02660037
02660037
02650037
02650037
02650037
02650037
02650036
02650036
02650036
02650036
02650036
02650036
02650036
02650036
02650034
02640034
02640036
02630036
02630034
02620034
02620036
02620036
02620036
03020034
03020034
03020034
03020034
03020034
03020034
03020034
03020036
03010036
03010034
03000034
03000036
03000036
02990036
02990036
02990036
02990036
02990036
02990036
02990034
02980034
02980036
02980038
02980040
02980042
02980044
02980046
02980048
02980049
02980051
02980053
02980055
02980057
02980059
02980061
02980063
02980065
02970065
02970063
02970061
02970059
02970057
02970055
02970053
02970051
02970049
02970048
02970046
02970044
02970042
02970040
02970038
02970036
02970034
02960034
02960036
02960038
02960040
02960042
02960044
02960046
02960048
02960049
02960051
02960053
02960055
02960057
02960059
02960061
02960063
02960065
02950065
02950063
02950061
02950059
02950057
02950055
02950053
02950051
02950049
02950048
02950046
02950044
02950042
02950040
02950038
02950036
02950034
02940034
02940036
02940038
02940040
02940042
02940044
02940046
02940048
02940049
02940051
02940053
02940055
02940057
02940059
02940061
02940063
02940065
02930065
02930063
02930061
02930059
02930057
02930055
02930053
02930051
02930049
02930048
02930046
02930044
02930042
02930040
02930038
02930036
02930034
02920034
02920036
02920036
02920036
02920036
02920036
02920036
02910036
02910036
02910034
02900034
02900036
02890036
02890034
02900036
02910036
02910036
02910036
02920036
02920036
02920036
02920036
02920036
02920036
02920036
02920036
02930036
02930036
02930036
02930036
02930036
02930036
02930036
02930037
02930037
02930037
02930037
02930037
02930037
02930037
02930037
02930039
02930041
02930043
02930045
02930047
02930049
02930051
02930053
02930055
02930057
02930059
02930061
02930061
02930062
02930062
02930062
02930062
02930062
02930062
02930062
02930062
02930062
02930063
02930063
02930063
02930063
02930063
02920063
02920063
02920063
02920065
02910065
02910063
02900063
02900065
02890065
02890063
02920063
02920063
02920063
02920063
02940063
02950063
02970063
02990063
02990065
03000065
03000063
03010063
03010065
03020065
03020063
03020063
03020063
03240043
03240043
03240043
03240043
03240043
03240043
03240043
03240043
03240043
03240044
03240044
03240044
03240045
03240045
03240045
03240046
03240046
03240046
03240046
03240047
03240047
03240047
03240047
03240048
03240048
03240046
03240044
03240042
03240040
03240038
03230038
03230038
03230038
03230037
03230037
03230037
03230037
03230037
03230039
03230040
03230042
03230044
03230046
03230047
03230049
03220049
03220049
03220050
03220050
03220050
03220050
03220050
03220048
03220047
03220045
03220043
03220041
03220039
03220038
03220036
03210035
03210037
03210039
03210039
03210039
03200039
03200038
03200038
03200038
03200038
03200038
03200038
03200037
03200037
03200037
03200036
03200034
03200034
03190034
03190034
03190034
03190034
03190035
03190036
03190036
03190036
03180036
03180036
03180036
03180036
03180036
03180035
03180034
03180034
03170034
03170034
03170033
03170033
03170036
03170036
03170036
03160036
03160035
03160035
03160035
03160033
03160033
03150033
03150033
03150033
03150033
03150035
03150035
03140035
03140036
03140036
03140033
03140033
03140033
03130034
03130034
03130034
03130036
03130036
03130036
03120036
03120036
03120036
03120035
03120034
03120034
03120034
03110034
03110034
03110035
03110037
03110037
03110037
03110037
03100037
03100037
03100037
03100036
03100035
03100035
03100035
03090035
03090035
03090036
03090037
03090039
03090039
03090039
03090039
03080040
03080040
03080040
03080040
03080038
03080036
03070035
03070037
03070039
03070041
03070043
03070043
03070043
03070044
03070044
03070045
03070045
03060045
03060043
03060041
03060039
03060037
03060035
03060033
03050033
03050035
03050037
03050039
03050041
03050043
03050045
03070045
03070045
03070044
03070044
03070043
03070043
03070043
03070042
03080042
03080041
03080041
03080041
03080040
03080040
03080040
03080040
03090039
03090039
03090039
03090039
03090038
03090038
03100038
03100038
03100038
03100037
03100037
03110037
03110037
03110037
03110037
03110037
03110036
03120036
03120036
03120036
03120036
03130036
03130036
03130036
03130036
03130036
03140036
03140036
03140036
03140035
03150035
03150035
03150035
03150035
03160035
03160035
03160035
03160036
03170036
03170036
03170036
03170036
03170036
03180036
03180036
03180036
03180036
03180036
03190036
03190036
03190036
03190037
03190037
03190037
03190037
03190037
03200037
03200037
03200037
03200038
03200038
03200038
03200038
03200038
03200038
03200039
03210039
03210039
03210039
03210039
03210040
03210040
03210040
03210040
03210041
03210041
03210041
03210041
03210041
03210042
03210042
03210042
03210042
03210042
03210043
03210043
03200043
03200043
03200043
03200044
03200044
03200044
03200044
03200044
03200044
03200044
03200044
03190045
03190045
03190045
03190045
03190045
03190045
03180045
03180045
03180045
03180045
03180046
03170046
03170046
03170046
03160046
03150046
03150047
03140047
03140047
03130047
03130047
03120047
03120047
03120048
03110048
03110048
03100048
03100048
03100048
03100050
03100052
03100054
03100055
03100055
03100055
03100055
03110055
03110055
03110055
03110055
03110055
03110053
03110051
03110049
03110048
03110048
03120048
03120047
03120047
03120049
03120051
03120052
03120054
03120054
03120054
03130054
03130054
03130052
03130050
03130049
03130047
03130047
03140047
03140047
03140048
03140050
03140052
03140053
03140053
03150053
03150053
03150051
03150050
03150048
03150046
03150046
03160046
03160048
03160049
03160051
03160053
03160053
03170052
03170052
03170051
03170049
03170048
03170046
03170046
03170046
03180046
03180046
03180047
03180049
03180050
03180052
03180052
03190052
03190052
03190050
03190048
03190047
03190045
03190045
03190045
03190045
03190045
03190045
03200044
03200044
03200044
03200046
03200048
03200050
03200051
03200051
03200051
03200051
03210051
03210051
03210049
03210047
03210046
03210044
03210043
03210043
03210043
03200043
03200043
03200043
03200044
03200044
03200044
03200044
03200044
03200044
03200044
03200044
03190046
03180048
03170050
03160051
03150053
03140053
03140053
03130053
03130054
03130054
03120054
03120054
03120054
03120054
03110054
03110054
03110054
03110055
03110055
03110055
03110055
03100055
03100055
03100055
03100055
03100056
03100056
03100056
03100056
03100056
03100056
03100056
03090057
03090057
03090057
03090057
03090057
03090058
03090058
03090058
03090058
03090058
03090059
03090059
03090059
03090059
03090059
03090060
03090060
03090060
03090060
03100060
03100061
03100061
03100061
03100061
03100061
03100061
03100063
03100065
03100065
03100065
03110065
03110065
03110065
03110065
03110064
03110062
03110063
03110063
03110063
03120063
03120063
03120063
03120063
03120064
03120065
03120065
03120065
03130065
03130065
03130065
03130063
03130063
03130063
03130063
03140063
03140063
03140063
03140066
03140066
03140066
03140066
03140066
03150066
03150065
03150063
03150063
03150063
03150063
03160063
03160063
03160064
03160065
03160065
03160065
03160065
03170065
03170065
03170064
03170063
03170063
03170063
03170062
03170062
03180062
03180062
03180063
03180065
03180065
03180064
03180064
03190064
03190064
03190062
03190061
03190061
03190061
03190061
03190060
03190060
03200060
03200060
03200061
03200063
03200063
03200063
03200063
03200062
03210062
03210061
03210059
03210058
03210058
03210057
03210057
03210057
03210056
03210056
03220056
03220057
03220059
03220061
03220062
03220064
03220066
03230066
03230064
03230062
03230060
03230058
03230056
03230054
03220055
03220055
03220055
03210056
03210056
03210057
03210057
03210057
03210058
03210058
03200058
03200059
03200059
03200059
03200060
03200060
03190060
03190060
03190061
03190061
03190061
03190061
03190061
03180061
03180062
03180062
03180062
03180062
03170062
03170062
03170063
03170063
03170063
03160063
03160063
03160063
03160063
03160063
03150063
03150063
03150063
03150063
03150063
03140063
03140063
03140063
03140063
03140063
03130063
03130063
03130063
03130063
03130063
03120063
03120063
03120063
03120063
03120063
03120063
03110063
03110063
03110063
03100063
03090064
03090062
03090060
03090058
03090056
03090055
03090053
03090051
03090049
03090049
03090049
03090049
03090049
03080049
03080049
03080051
03080053
03080055
03080057
03080059
03080061
03080063
03080063
03080063
03080063
03080063
03080063
03070062
03070062
03070062
03070060
03070058
03070056
03070054
03070052
03070050
03070051
03070051
03070051
03070051
03070051
03070052
03060052
03060052
03060052
03060052
03060054
03060056
03060058
03060060
03060060
03060060
03490053
03490053
03490053
03490053
03490053
03490053
03490053
03490053
03490055
03490057
03490059
03490061
03490063
03490065
03480065
03480063
03480061
03480059
03480057
03480055
03480053
03480053
03480053
03480054
03480054
03480055
03480055
03480056
03480056
03480058
03480060
03480061
03480063
03480065
03470065
03470063
03470061
03470060
03460060
03460060
03460060
03460061
03460061
03460061
03460061
03460061
03460063
03460065
03450065
03450064
03450062
03440062
03440062
03440063
03440063
03440063
03440063
03440063
03440063
03440065
03430065
03430063
03430063
03430063
03420063
03420063
03420063
03420063
03420063
03420063
03420063
03420063
03420063
03420063
03420065
03410065
03410063
03410061
03410059
03410057
03410055
03410053
03410051
03410049
03410048
03410046
03410044
03410042
03410040
03410038
03410036
03410034
03400034
03400036
03400038
03400040
03400042
03400044
03400046
03400048
03400049
03400051
03400053
03400055
03400057
03400059
03400061
03400063
03400065
03390065
03390063
03390061
03390059
03390057
03390055
03390053
03390051
03390049
03390048
03390046
03390044
03390042
03390040
03390038
03390036
03390034
03380034
03380036
03380038
03380040
03380042
03380044
03380046
03380048
03380049
03380051
03380053
03380055
03380057
03380059
03380061
03380063
03380065
03370065
03370063
03370061
03370059
03370057
03370055
03370053
03370051
03370049
03370048
03370046
03370044
03370042
03370040
03370038
03370036
03370034
03360034
03360036
03360036
03360036
03350036
03350036
03350036
03350036
03350036
03350036
03350036
03350036
03350036
03350034
03340034
03340036
03330036
03330034
03340034
03360034
03380034
03400034
03420034
03420036
03420036
03420036
03420036
03420036
03420036
03420036
03420036
03420036
03430036
03430034
03440034
03440036
03450036
03450034
03440036
03420036
03420036
03420036
03420036
03420036
03420036
03420036
03420036
03420036
03410036
03410036
03410036
03410036
03410036
03410037
03410037
03410037
03410037
03410037
03410037
03410037
03410039
03410041
03410043
03410045
03410047
03400049
03390050
03390052
03380054
03380056
03370058
03370059
03360061
03360061
03360062
03360062
03360062
03360062
03360062
03360062
03360062
03360062
03360062
03360063
03360063
03360063
03360063
03360065
03350065
03350063
03350063
03340063
03340063
03340063
03340063
03340063
03340063
03340063
03340065
03330065
03330064
03330062
03330062
03320062
03320062
03320062
03320062
03320062
03320061
03320061
03320063
03320065
03310065
03310063
03310061
03310060
03310060
03310059
03300059
03300059
03300058
03300058
03300057
03300057
03300056
03300056
03300058
03300060
03300061
03300063
03300065
03290065
03290063
03290061
03290059
03290057
03290055
03290053
03280053
03280053
03280053
03280053
03840034
03840034
03840034
03840034
03840034
03840034
03840034
03840036
03830036
03830034
03820034
03820036
03820036
03810036
03810036
03810036
03810036
03810036
03810036
03810036
03810034
03800034
03800036
03800038
03800040
03800042
03800044
03800046
03800048
03800049
03800051
03800053
03800055
03800057
03800059
03800061
03800063
03800065
03790065
03790063
03790061
03790059
03790057
03790055
03790053
03790051
03790049
03790048
03790046
03790044
03790042
03790040
03790038
03790036
03790034
03780034
03780036
03780038
03780040
03780042
03780044
03780046
03780048
03780049
03780051
03780053
03780055
03780057
03780059
03780061
03780063
03780065
03770065
03770063
03770061
03770059
03770057
03770055
03770053
03770051
03770049
03770048
03770046
03770044
03770042
03770040
03770038
03770036
03770034
03760034
03760036
03760038
03760040
03760042
03760044
03760046
03760048
03760049
03760051
03760053
03760055
03760057
03760059
03760061
03760063
03760065
03750065
03750063
03750062
03740060
03740058
03740060
03740062
03740064
03730062
03730061
03730059
03730057
03730055
03720053
03720051
03720053
03720055
03720057
03710055
03710054
03710052
03710050
03710048
03700046
03700044
03700046
03700048
03700050
03690048
03690046
03690044
03690043
03690041
03680039
03680037
03680039
03680041
03680043
03680045
03670047
03670049
03670047
03670045
03670043
03670042
03670040
03670038
03670036
03670034
03660034
03660036
03660038
03660040
03660042
03660043
03660045
03660047
03660049
03660051
03660053
03650055
03650057
03650055
03650053
03650051
03650049
03650047
03650045
03650043
03650041
03650039
03650037
03640039
03640041
03640043
03640045
03640047
03640049
03640051
03640053
03640055
03640057
03640059
03640061
03630062
03630064
03630062
03630060
03630058
03630056
03630054
03630052
03630050
03630048
03630046
03630044
03620046
03620048
03620050
03620052
03620054
03620056
03620057
03620059
03620061
03620063
03620065
03610065
03610063
03610061
03610059
03610057
03610056
03610054
03610052
03600054
03600056
03600058
03600059
03600061
03600063
03600065
03590065
03590063
03590061
03590060
03590061
03580063
03580065
03580063
03580061
03580059
03580057
03580055
03580053
03580051
03580049
03580048
03580046
03580044
03580042
03580040
03580038
03580036
03580034
03570034
03570036
03570038
03570040
03570042
03570044
03570046
03570048
03570049
03570051
03570053
03570055
03570057
03570059
03570061
03570063
03570065
03560065
03560063
03560063
03560063
03560063
03560063
03550063
03550063
03550063
03550063
03550063
03550065
03540065
03540063
03530063
03530065
03530063
03550063
03550063
03550063
03550063
03550063
03560063
03560063
03560063
03560063
03560063
03560063
03560063
03560063
03560063
03560063
03560062
03560062
03560062
03570062
03570062
03570062
03570062
03570062
03570061
03570061
03570061
03570059
03570057
03570055
03570053
03570051
03570049
03570047
03570045
03570043
03570041
03570041
03570040
03570040
03570040
03570040
03570039
03570039
03560039
03560039
03560039
03560038
03560038
03560038
03560038
03560038
03560036
03560034
03550034
03550035
03550037
03550036
03550036
03550036
03550036
03540036
03540036
03540036
03540036
03540034
03530034
03530036
03530036
03530036
03540036
03540036
03540036
03540036
03540036
03540036
03560036
03570037
03590037
03590036
03590034
03600034
03600035
03600036
03600036
03600036
03600036
03600036
03610036
03610036
03610036
03610034
03620034
03620036
03620036
03610036
03610036
03610036
03610036
03610036
03600036
03600036
03600036
03600036
03600036
03600036
03600037
03590037
03590037
03590037
03590037
03590037
03590037
03590037
03590037
03590038
03590038
03590038
03580038
03580038
03580038
03580039
03580039
03580039
03580039
03580039
03580040
03580040
03580040
03580040
03580042
03580044
03580046
03580048
03580050
03580052
03580054
03580056
03580057
03580059
03580061
03580063
03590061
03590059
03600057
03600056
03610054
03610052
03610050
03620048
03620046
03630044
03630042
03640040
03640039
03650037
03650035
03670035
03680037
03680039
03690041
03690042
03700044
03700046
03710048
03710050
03720052
03720054
03730055
03730057
03740059
03750061
03750063
03750061
03750059
03750057
03750055
03750053
03750051
03750049
03750047
03750045
03750043
03750041
03750039
03750037
03750037
03750037
03750037
03750037
03750037
03750037
03750037
03750036
03750036
03750036
03750036
03750036
03750036
03740036
03740036
03740036
03740036
03740036
03740036
03740036
03740036
03740036
03730036
03710036
03710036
03720036
03720034
03730034
03730036
03740036
03740036
03740034
03750034
03750035
03750036
03750036
03750036
03750037
03750037
03750037
03750037
03750037
03750037
03750037
03750037
03750038
03750039
03760041
03760043
03770045
03770047
03780049
03780051
03780053
03790054
03790056
03800058
03800060
03800061
03800062
03800062
03800062
03800062
03800062
03800062
03800062
03800062
03800063
03800063
03800063
03800063
03800063
03810063
03810063
03810063
03810065
03820065
03820063
03830063
03830065
03840065
03840063
03840063
03840063
04130034
04130034
04130034
04130034
04130034
04130034
04130034
04130036
04120036
04120036
04120036
04120034
04110034
04110035
04110036
04100036
04100036
04100037
04100037
04100037
04100037
04100037
04100037
04100038
04100039
04100037
04100036
04100034
04090034
04090036
04090038
04090040
04090042
04080043
04080045
04080043
04080041
04080039
04080038
04080036
04080034
04070034
04070036
04070038
04070040
04070042
04070044
04070046
04070048
04060049
04060051
04060049
04060047
04060045
04060043
04060041
04060040
04060038
04060036
04060034
04050034
04050036
04050038
04050040
04050042
04050044
04050046
04050048
04050050
04050052
04050054
04040055
04040057
04040055
04040053
04040051
04040049
04040048
04040046
04040044
04040042
04040040
04030042
04030043
04030045
04030047
04030049
04030051
04030052
04030054
04030056
04030058
04030060
04020061
04020063
04020061
04020059
04020057
04020055
04020054
04020052
04020050
04020048
04020046
04010048
04010049
04010051
04010053
04010055
04010057
04010059
04010062
04010064
04010066
04000066
04000064
04000062
04000060
04000058
04000056
04000054
04000052
03990054
03990055
03990057
03990059
03990061
03990063
03990064
03980063
03980061
03980060
03980058
03980057
03970055
03970054
03970055
03970057
03970058
03960057
03960055
03960054
03960052
03960051
03950049
03950048
03950049
03950051
03950052
03940051
03940049
03940047
03940046
03940044
03930044
03930043
03930041
03930043
03930044
03930046
03920044
03920043
03920041
03920039
03920038
03920036
03920034
03910034
03910036
03910038
03910040
03900039
03900039
03900039
03900038
03900038
03900038
03900038
03900038
03900037
03900037
03900036
03900034
03890034
03890035
03890036
03890036
03890036
03880036
03880036
03880036
03880036
03880036
03880036
03880036
03880034
03870034
03870036
03870036
03870036
03880036
03880036
03880036
03880036
03880036
03880036
03880036
03880036
03900036
03910037
03930037
03930035
03930034
03940034
03940036
03940036
03940036
03940036
03940036
03940036
03940036
03950036
03950034
03960034
03960036
03950036
03950036
03950036
03950036
03940036
03940036
03940036
03940036
03940036
03940036
03940036
03930036
03930036
03930036
03930036
03930037
03930037
03930037
03930037
03930037
03930037
03930037
03920037
03920037
03920037
03920038
03920038
03920038
03920038
03920038
03920038
03920039
03920039
03920039
03920039
03920039
03920039
03920040
03920040
03920040
03920040
03920041
03930041
03930043
03930044
03950044
03970044
03990044
04010044
04020044
04030042
04040040
04040038
04040038
04040038
04040038
04050038
04050037
04050037
04050037
04050037
04050037
04050037
04050037
04050037
04040037
04040037
04040036
04040036
04040036
04040036
04040036
04040036
04040036
04040036
04040036
04040036
04040036
04040036
04040034
04030034
04030036
04020036
04020036
04020034
04020036
04020036
04030036
04030036
04030036
04030036
04030036
04040036
04040036
04040036
04040036
04040036
04040036
04040036
04040036
04040036
04040036
04040036
04040037
04040037
04050037
04050037
04050037
04050037
04050037
04050037
04050037
04050037
04050038
04040038
04040038
04040038
04040038
04040040
04030042
04020044
04020044
04020046
04010046
04010044
04000044
04000046
03990046
03990044
03980044
03980046
03970046
03970044
03960044
03960046
03950046
03950044
03950044
03950044
04350043
04350043
04350043
04350043
04350043
04350043
04350043
04350043
04350043
04350044
04350044
04350044
04350045
04350045
04350045
04350045
04350046
04350046
04350046
04350047
04350047
04350047
04350047
04340047
04340048
04340046
04340044
04340042
04340040
04340038
04340038
04340038
04340038
04340038
04340037
04340037
04330037
04330037
04330039
04330040
04330042
04330044
04330046
04330047
04330049
04330049
04330049
04330050
04330050
04330050
04320050
04320050
04320048
04320047
04320045
04320043
04320041
04320039
04320038
04320036
04310035
04310037
04310039
04310039
04310039
04310039
04310038
04310038
04310038
04310038
04310038
04310038
04310037
04310037
04310036
04310034
04300034
04300034
04300034
04300034
04300034
04300035
04300036
04290036
04290036
04290036
04290036
04290036
04290036
04290035
04290034
04290034
04280034
04280034
04280033
04280033
04280036
04280036
04270036
04270036
04270035
04270035
04270033
04270033
04260033
04260033
04260033
04260033
04260033
04260035
04260035
04250035
04250036
04250036
04250036
04250033
04250033
04240033
04240034
04240034
04240034
04240036
04240036
04230036
04230036
04230036
04230036
04230035
04230034
04230034
04230034
04220034
04220034
04220034
04220035
04220037
04220037
04220037
04210037
04210037
04210037
04210037
04210036
04210035
04210035
04210035
04200035
04200035
04200036
04200037
04200039
04200039
04200039
04200039
04190040
04190040
04190040
04190040
04190038
04190036
04180035
04180037
04180039
04180041
04180043
04180043
04180043
04180044
04180044
04180045
04170045
04170043
04170041
04170039
04170037
04170035
04170033
04160033
04160035
04160037
04160039
04160041
04160043
04160045
04180045
04180044
04180044
04180043
04180043
04180043
04180042
04180042
04180041
04190041
04190041
04190040
04190040
04190040
04190040
04200039
04200039
04200039
04200039
04200038
04200038
04200038
04210038
04210038
04210037
04210037
04210037
04220037
04220037
04220037
04220037
04220036
04230036
04230036
04230036
04230036
04230036
04240036
04240036
04240036
04240036
04250036
04250036
04250036
04250035
04260035
04260035
04260035
04260035
04270035
04270035
04270036
04270036
04280036
04280036
04280036
04280036
04280036
04290036
04290036
04290036
04290036
04290036
04290036
04300036
04300037
04300037
04300037
04300037
04300037
04300037
04300037
04310037
04310038
04310038
04310038
04310038
04310038
04310038
04310039
04310039
04310039
04310039
04320039
04320040
04320040
04320040
04320040
04320040
04320041
04320041
04320041
04320041
04320042
04320042
04320042
04320042
04320042
04310043
04310043
04310043
04310043
04310043
04310043
04310044
04310044
04310044
04310044
04310044
04310044
04300044
04300045
04300045
04300045
04300045
04300045
04290045
04290045
04290045
04290045
04290045
04290045
04290046
04280046
04280046
04280046
04270046
04270046
04260046
04250047
04250047
04240047
04240047
04230047
04230047
04230047
04220048
04220048
04210048
04210048
04210048
04210050
04210052
04210054
04210055
04210055
04210055
04210055
04210055
04210055
04220055
04220055
04220055
04220053
04220051
04220049
04220048
04220048
04230047
04230047
04230049
04230051
04230052
04230054
04230054
04230054
04240054
04240054
04240052
04240050
04240049
04240047
04240047
04240047
04250047
04250048
04250050
04250052
04250053
04250053
04250053
04260053
04260051
04260050
04260048
04260046
04260046
04270046
04270046
04270048
04270049
04270051
04270053
04270053
04280052
04280052
04280051
04280049
04280048
04280046
04280046
04280046
04290046
04290046
04290047
04290049
04290050
04290052
04290052
04290052
04300052
04300050
04300048
04300047
04300045
04300045
04300045
04300045
04300045
04300045
04300044
04310044
04310044
04310046
04310048
04310050
04310051
04310051
04310051
04310051
04310051
04310051
04310051
04310049
04310047
04310046
04310044
04310043
04310043
04310043
04310043
04310043
04310043
04310043
04310044
04310044
04310044
04310044
04310044
04310044
04300044
04290046
04290048
04280050
04270051
04260053
04250053
04250053
04240053
04240054
04240054
04230054
04230054
04230054
04230054
04220054
04220054
04220054
04220055
04220055
04220055
04210055
04210055
04210055
04210055
04210055
04210056
04210056
04210056
04210056
04200056
04200056
04200056
04200057
04200057
04200057
04200057
04200057
04200057
04200058
04200058
04200058
04200058
04200058
04200059
04200059
04200059
04200059
04200060
04200060
04200060
04200060
04200060
04200061
04210061
04210061
04210061
04210061
04210061
04210063
04210065
04210065
04210065
04210065
04220065
04220065
04220065
04220064
04220062
04220062
04220063
04220063
04220063
04230063
04230063
04230063
04230064
04230065
04230065
04230065
04240065
04240065
04240063
04240063
04240063
04240063
04240063
04250063
04250063
04250066
04250066
04250066
04250066
04260066
04260065
04260063
04260063
04260063
04260063
04260063
04270063
04270063
04270064
04270065
04270065
04270065
04270065
04270065
04280065
04280064
04280063
04280063
04280062
04280062
04280062
04290062
04290062
04290063
04290065
04290065
04290064
04290064
04290064
04300064
04300062
04300061
04300061
04300061
04300060
04300060
04300060
04310060
04310061
04310063
04310063
04310063
04310063
04310063
04310062
04310062
04310061
04310059
04310058
04320058
04320058
04320057
04320057
04320056
04320056
04320056
04320056
04320057
04320059
04320061
04320062
04320064
04330066
04330066
04330064
04330062
04330060
04330058
04330056
04330054
04330055
04330055
04320056
04320056
04320056
04320057
04320057
04320058
04320058
04310058
04310059
04310059
04310059
04310059
04310060
04300060
04300060
04300060
04300061
04300061
04290061
04290061
04290061
04290062
04290062
04290062
04290062
04280062
04280062
04280062
04280063
04280063
04270063
04270063
04270063
04270063
04270063
04260063
04260063
04260063
04260063
04260063
04250063
04250063
04250063
04250063
04250063
04240063
04240063
04240063
04240063
04240063
04230063
04230063
04230063
04230063
04230063
04230063
04220063
04220063
04220063
04220063
04210063
04200064
04200062
04200060
04200058
04200056
04200055
04200053
04200051
04200049
04200049
04200049
04190049
04190049
04190049
04190049
04190051
04190053
04190055
04190057
04190059
04190061
04190063
04190063
04190063
04190063
04180063
04180062
04180062
04180062
04180060
04180058
04180056
04180054
04180052
04180050
04180051
04180051
04180051
04180051
04170051
04170051
04170052
04170052
04170052
04170052
04170054
04170056
04170058
04170060
04170060
04170060
04440037
04440037
04440037
04440037
04440037
04440037
04440037
04440037
04440037
04440037
04440037
04440038
04440038
04440038
04440038
04440038
04440038
04440039
04430039
04430039
04430039
04430039
04430039
04430039
04430039
04430038
04430036
04430034
04430034
04430034
04430034
04430034
04430034
04420034
04420034
04420034
04420034
04420035
04420037
04420039
04420040
04420040
04420040
04420040
04420040
04410040
04410040
04410040
04410040
04410039
04410037
04410035
04410033
04410033
04410033
04410033
04410033
04400033
04400033
04400033
04400035
04400037
04400039
04400040
04400040
04400040
04400040
04400040
04400040
04400040
04390040
04390040
04390040
04390038
04390036
04390034
04390034
04390034
04390034
04390034
04390035
04390035
04390035
04390035
04390035
04390035
04390035
04380036
04380036
04380036
04380036
04380036
04380037
04380037
04380037
04380037
04380037
04440061
04440061
04440061
04440061
04440061
04440061
04440061
04440061
04440062
04440062
04440062
04440062
04440063
04440063
04440063
04440063
04440063
04440064
04430064
04430064
04430064
04430064
04430064
04430064
04430065
04430065
04430063
04430061
04430059
04430058
04430056
04430054
04430054
04430052
04430051
04420050
04420049
04420049
04420048
04420048
04420048
04420047
04420047
04420049
04420050
04420052
04420054
04420056
04420058
04420060
04420062
04420063
04420065
04420065
04420065
04420065
04420065
04420066
04410066
04410066
04410066
04410066
04410066
04410064
04410062
04410060
04410058
04410056
04410054
04410052
04410050
04410049
04410047
04410045
04410043
04400043
04400043
04400044
04400045
04400045
04400046
04400046
04400048
04400050
04400052
04400054
04400056
04400058
04400060
04400062
04400063
04400065
04400065
04400065
04400065
04400065
04400065
04400065
04400065
04390065
04390065
04390065
04390063
04390061
04390059
04390057
04390055
04390054
04390055
04390056
04390057
04390058
04390059
04380059
04380060
04380060
04380061
04380061
04380061
04380061
04380061
