00680146
00680145
00680143
00680142
00680140
00680139
00690138
00690138
00690137
00700136
00700135
00710135
00720134
00730134
00740133
00760133
00780133
00790132
00800132
00820132
00840132
00860132
00880132
00900132
00920132
00940132
00960132
00980132
01000132
01020132
01040132
01060132
01070132
01090133
01110133
01120133
01130133
01150133
01160133
01170133
01180133
01190133
01210134
01220134
01230134
01250135
01260135
01270136
01280136
01280136
01290137
01300137
01310138
01330139
01340139
01350140
01360141
01370142
01380143
01390144
01400145
01410146
01410148
01420149
01430150
01440151
01440152
01450154
01460155
01460156
01470158
01470159
01480161
01480162
01490164
01490165
01500167
01500169
01500171
01500173
01500175
01510177
01510179
01510180
01510181
01510183
01510184
01510186
01500188
01500190
01500192
01500194
01500195
01490197
01490199
01480200
01480202
01470203
01470205
01460206
01460208
01450209
01440210
01440212
01430213
01420214
01410215
01400216
01400217
01390219
01380220
01370221
01360221
01350222
01340223
01320224
01310224
01300225
01290226
01280226
01260227
01250227
01240228
01230228
01210229
01190229
01180229
01160229
01150230
01130230
01110230
01090230
01070230
01050230
01030230
01010230
00990230
00970230
00950230
00930230
00910230
00890230
00870230
00850230
00830230
00810230
00790230
00780230
00770230
00750230
00740229
00730229
00710228
00710227
00700227
00700226
00690225
00690224
00680222
00680220
00680218
00680218
00680216
00680214
00680212
00680210
00680208
00680206
00680204
00680202
00680200
00680198
00680196
00680194
00680192
00680190
00680188
00680186
00680184
00680182
00680180
00680178
00680176
00680174
00680172
00680170
00680168
00680166
00680164
00680162
00680160
00680158
00680156
00680154
00680152
00680150
00680148
00680146
00680146
00700146
00720147
00740147
00750147
00770147
00790147
00810147
00830147
00850147
00870147
00890148
00910148
00930148
00950148
00960148
00980148
01000148
01020148
01040148
01060148
01070148
01090148
01100149
01120149
01140149
01160150
01180150
01190151
01210152
01210153
01230154
01240156
01260158
01260158
01270159
01270160
01280161
01280163
01290164
01290165
01300166
01300168
01300169
01310171
01310172
01310174
01310175
01310177
01310179
01310180
01310182
01310184
01310186
01310187
01310189
01310191
01310192
01300194
01300195
01300197
01290198
01290199
01280200
01270202
01270203
01260204
01260205
01250206
01240207
01230208
01210209
01200211
01180211
01160212
01160212
01150213
01130213
01120213
01100213
01090214
01070214
01050214
01040214
01020214
01000214
00980214
00960214
00950214
00930214
00910214
00890214
00870214
00870212
00870210
00870208
00870206
00870204
00870202
00870200
00870198
00870196
00870194
00870192
00870190
00870188
00870186
00870184
00870182
00870180
00870178
00870176
00870174
00870172
00870170
00870168
00870166
00870164
00870162
00870160
00870158
00870156
00870154
00870152
00870150
00870148
00870148
00890148
00910148
00930147
00950147
00970146
00990146
01010146
01030145
01050145
01060144
01080144
01100144
01120143
01140143
01160143
01180142
01200142
01220141
01240141
01260141
01280140
01300140
01320139
01340139
01350139
01370138
01390138
01410138
01430137
01450137
01470136
01490136
01510136
01530135
01550135
01570134
01590134
01610134
01630133
01640133
01660132
01680132
01700132
01720131
01740132
01750132
01760132
01770133
01780134
01780134
01780134
01790136
01800137
01800139
01810140
01820142
01820143
01830145
01830147
01840149
01850151
01850153
01860154
01870156
01890156
01910156
01930156
01950156
01970156
01980156
02000156
02020156
02040156
02060156
02080156
02100156
02120156
02140156
02160156
02180156
02200156
02220156
02240156
02260156
02270155
02270153
02280151
02290149
02290147
02300146
02310144
02310142
02320141
02330139
02330139
02340137
02340136
02340135
02350135
02350134
02360133
02370133
02380132
02380132
02390132
02400131
02420131
02420131
02440131
02450132
02460132
02480133
02490134
02490134
02500135
02510136
02510137
02520138
02520139
02520140
02520141
02510143
02510144
02510145
02500147
02500148
02490150
02490151
02480152
02470154
02470156
02460158
02450160
02440162
02440163
02430165
02420167
02410169
02410171
02400173
02390174
02380176
02380178
02370180
02360182
02350183
02350185
02340187
02330189
02320191
02320193
02310194
02300196
02290198
02290200
02280202
02270204
02270205
02260207
02250209
02240211
02240213
02230214
02220216
02220217
02210219
02200220
02200222
02190223
02190224
02180226
02180226
02170227
02160228
02140229
02130230
02120230
02110231
02100231
02080231
02070231
02050231
02030231
02010230
02000230
02000230
01980229
01970228
01960227
01950225
01940224
01940223
01930222
01930221
01920219
01920219
01910218
01910216
01900214
01900213
01890211
01880209
01870207
01870205
01860203
01850202
01840200
01840198
01830196
01820194
01820192
01810190
01800189
01790187
01790185
01780183
01770181
01760179
01760178
01750176
01740174
01740172
01730170
01720168
01710166
01710165
01700163
01690161
01680159
01680157
01670155
01660154
01650152
01650150
01640148
01630146
01630144
01620143
01620141
01620140
01620139
01620137
01630136
01640135
01650134
01650134
01660133
01660133
01670132
01690132
01700131
01710131
01710131
01730133
01740134
01760135
01780136
01790138
01810139
01820140
01840141
01850142
01870144
01880145
01900146
01910147
01930149
01950150
01960151
01980152
01990154
02010155
02020156
02040157
02050159
02070160
02080161
02100162
02110164
02130165
02150166
02160167
02180169
02190170
02210171
02200173
02190175
02190177
02180178
02170180
02170182
02160184
02160186
02150187
02140189
02140191
02130193
02120195
02120196
02110198
02100200
02100202
02090204
02080205
02080207
02070209
02060211
02060209
02050207
02040205
02040204
02030202
02020200
02020198
02010196
02010195
02000193
01990191
01990189
01980187
01970186
01970184
01960182
01950180
01950178
01940177
01930175
01930173
01920171
01920171
01940170
01960170
01980169
02000168
02010168
02030167
02050167
02070166
02090165
02110165
02130164
02150163
02170163
02180162
02200161
02220161
02240160
02260159
02280159
02300158
02320157
02340157
02360156
02370155
02390155
02410154
02430154
02450153
02470152
02490152
02510151
02530150
02540150
02560149
02580148
02600148
02620147
02640146
02660146
02680145
02700144
02720144
02730143
02750142
02770142
02790141
02810141
02830140
02850139
02870139
02890138
02900137
02920137
02940136
02960135
02980135
03000134
03020133
03040133
03060132
03080131
03090132
03110132
03120133
03130134
03150134
03160136
03170137
03170137
03170138
03180139
03190140
03190141
03200142
03200144
03210146
03220148
03220150
03230151
03240153
03240155
03250157
03260159
03260161
03270163
03280164
03280166
03290168
03300170
03310172
03310174
03320175
03330177
03330179
03340181
03350183
03350185
03360187
03370188
03370190
03380192
03390194
03390196
03400198
03410200
03410201
03420203
03430205
03440207
03440209
03450211
03460213
03460214
03470216
03470216
03480218
03480219
03480221
03480222
03480222
03480224
03480225
03480226
03470227
03460227
03450229
03440230
03440230
03430231
03410231
03400231
03390231
03370231
03360231
03350230
03340230
03340230
03330229
03320228
03310226
03310226
03300225
03300223
03290222
03290220
03280218
03280217
03270215
03260213
03260211
03250209
03240207
03240205
03230203
03220202
03220200
03210198
03210196
03200194
03190192
03190190
03180188
03170187
03170185
03160183
03150181
03150179
03140177
03140175
03130173
03120172
03120170
03110168
03100166
03100164
03090162
03080160
03080159
03070157
03070155
03060153
03050155
03050157
03040158
03030160
03030162
03020164
03020166
03010168
03000170
03000172
02990173
02980175
02980177
02970179
02970181
02960183
02950185
02950186
02940188
02930190
02930192
02920194
02920196
02910198
02900199
02900201
02890203
02880205
02880207
02870209
02870211
02860213
02850214
02850216
02840218
02840219
02830221
02820222
02820224
02810225
02810226
02800228
02790229
02780230
02770230
02760231
02750231
02730231
02730231
02710231
02700231
02680230
02670230
02660229
02660229
02650228
02650227
02640227
02640225
02630224
02630223
02630222
02630221
02640219
02640217
02640215
02640215
02650214
02660212
02660210
02670208
02680207
02690205
02690203
02700201
02710199
02710197
02720196
02730194
02730192
02740190
02750188
02750186
02760185
02770183
02770181
02780179
02790177
02790175
02800173
02810172
02810170
02820168
02830166
02830164
02840162
02850161
02850159
02860157
02870155
02870153
02880151
02890150
02890148
02900146
02910144
02910143
02910143
02920141
02930140
02940138
02940137
02950137
02950136
02970134
02980133
02990133
02990132
03010132
03020132
03040131
03060131
03060131
03080131
03100131
03120131
03130131
03150131
03170131
03190131
03210131
03230131
03250131
03270132
03290132
03310132
03330132
03350132
03370132
03390132
03410132
03430132
03450132
03470132
03490132
03510132
03530132
03550132
03570132
03590132
03610132
03630132
03650132
03670132
03690132
03710132
03730132
03750132
03770132
03790132
03810132
03830132
03850132
03870132
03890132
03910132
03930132
03950132
03960132
03980132
04000132
04020132
04040132
04060132
04080132
04100132
04120132
04140132
04160132
04180132
04200132
04220132
04240132
04260132
04280133
04300133
04310133
04320134
04330134
04340135
04340136
04350137
04350138
04350139
04350140
04350141
04350141
04350143
04350144
04340145
04330146
04330146
04320147
04310147
04300148
04290148
04270148
04260148
04240148
04220148
04200148
04180148
04160148
04140148
04120148
04100148
04080148
04060148
04040148
04020148
04000148
03980148
03960148
03940148
03920148
03900148
03880148
03860148
03840148
03820148
03800148
03800150
03800152
03800154
03800156
03800158
03800160
03800162
03800164
03800166
03800168
03800170
03800172
03800174
03800176
03820176
03840176
03860176
03880176
03900176
03920176
03940176
03960176
03980176
04000176
04020176
04040176
04060176
04080176
04100176
04120176
04130176
04150176
04170176
04190176
04210176
04230176
04250176
04260176
04270177
04280177
04280178
04290178
04290179
04300180
04300181
04300182
04300183
04300184
04300185
04300185
04290186
04290187
04280188
04270189
04260189
04250190
04240190
04220190
04210190
04190190
04170190
04150190
04130190
04120190
04100190
04080190
04060190
04040190
04020190
04000190
03980190
03960190
03940190
03920190
03900190
03880190
03860190
03840190
03820190
03800190
03800192
03800194
03800196
03800198
03800200
03800202
03800204
03800206
03800208
03800210
03800212
03800213
03800215
03820215
03840215
03860215
03880215
03900215
03920215
03940215
03960215
03980215
04000215
04020215
04030215
04050215
04070215
04090215
04110215
04130215
04150215
04170215
04190215
04210215
04230215
04250215
04270216
04280216
04290216
04300216
04310217
04320217
04320218
04330219
04330220
04340221
04340222
04340223
04340224
04340225
04330226
04330227
04320228
04320228
04310229
04300229
04290230
04270230
04260230
04250230
04230230
04210230
04190230
04170230
04150230
04130230
04110230
04090230
04070230
04050230
04030230
04010230
03990230
03970230
03950230
03930230
03910230
03890230
03870230
03850230
03830230
03810230
03790230
03770230
03750230
03730230
03700230
03690230
03670229
03660229
03660229
03650228
03640227
03630226
03620225
03620225
03620224
03610223
03610221
03610219
03610218
03610216
03610214
03610212
03610210
03610208
03610206
03610204
03610202
03610200
03610198
03610196
03610194
03610192
03610190
03610188
03610186
03610184
03610182
03610180
03610178
03610176
03610174
03610172
03610170
03610168
03610166
03610164
03610162
03610160
03610158
03610156
03610154
03610152
03610150
03610148
03610146
03610144
03610143
03610142
03610140
03620138
03620137
03630136
03640135
03640135
03650134
03660133
03680133
03700133
03720132
03730132
