00690058
00710058
00730058
00750058
00770058
00790058
00810058
00830058
00850058
00870058
00890058
00910058
00930058
00950058
00970058
00990058
00990059
00990060
00990062
00990064
00990066
00990068
00990069
00990071
00990073
00990075
00990077
00990079
00990081
00990083
00990085
00980085
00980083
00980081
00980079
00980077
00980075
00980073
00980071
00980069
00980068
00980066
00980064
00980062
00980060
00970060
00970062
00970064
00970066
00970068
00970069
00970071
00970073
00970075
00970077
00970079
00970081
00970083
00970085
00960085
00960083
00960081
00960079
00960077
00960075
00960073
00960071
00960069
00960068
00960066
00960064
00960062
00960060
00950060
00950062
00950064
00950066
00950068
00950069
00950071
00950073
00950075
00950077
00950079
00950081
00950083
00950085
00940085
00940083
00940081
00940079
00940077
00940075
00940073
00940071
00940069
00940068
00940066
00940064
00940062
00940060
00930060
00930062
00930064
00930066
00930068
00930069
00930071
00930073
00930075
00930077
00930079
00930081
00930083
00930085
00920085
00920083
00920081
00920079
00920077
00920075
00920073
00920071
00920069
00920068
00920066
00920064
00920062
00920060
00910060
00910062
00910064
00910066
00910068
00910069
00910071
00910073
00910075
00910077
00910079
00910081
00910083
00910085
00900085
00900083
00900081
00900079
00900077
00900075
00900073
00900071
00900069
00900068
00900066
00900064
00900062
00900060
00890060
00890062
00890064
00890066
00890068
00890069
00890071
00890073
00890075
00890077
00890079
00890081
00890083
00890085
00880085
00880083
00880081
00880079
00880077
00880075
00880073
00880071
00880069
00880068
00880066
00880064
00880062
00880060
00870060
00870062
00870064
00870066
00870068
00870069
00870071
00870073
00870075
00870077
00870079
00870081
00870083
00870085
00860085
00860083
00860081
00860079
00860077
00860075
00860073
00860071
00860069
00860068
00860066
00860064
00860062
00860060
00850060
00850062
00850064
00850066
00850068
00850069
00850071
00850073
00850075
00850077
00850079
00850081
00850083
00850085
00840085
00840083
00840081
00840079
00840077
00840075
00840073
00840071
00840069
00840068
00840066
00840064
00840062
00840060
00830060
00830062
00830064
00830066
00830068
00830069
00830071
00830073
00830075
00830077
00830079
00830081
00830083
00830085
00820085
00820083
00820081
00820079
00820077
00820075
00820073
00820071
00820069
00820068
00820066
00820064
00820062
00820060
00810060
00810062
00810064
00810066
00810068
00810069
00810071
00810073
00810075
00810077
00810079
00810081
00810083
00810085
00800085
00800083
00800081
00800079
00800077
00800075
00800073
00800071
00800069
00800068
00800066
00800064
00800062
00800060
00800060
00820060
00840060
00860060
00880060
00900060
00920060
00940060
00960060
00980060
01000060
01020060
01040060
01060059
01080059
01100059
01120059
01140059
01160059
01180059
01200059
01220059
01240059
01260059
01280059
01300059
01320059
01340059
01360059
01380059
01400059
01420059
01440059
01460059
01480059
01500059
01520059
01540059
01560059
01580059
01600059
01620059
01640059
01660059
01680059
01700059
01720059
01740059
01760059
01780059
01800059
01820059
01840058
01860058
01880058
01900058
01920058
01940058
01960058
01980058
02000058
02020058
02040058
02060058
02080058
02100058
02120058
02140058
02160058
02180058
02200058
02220058
02240058
02260058
02280058
02300058
02320058
02340058
02360058
02380058
02400058
02420058
02440058
02460058
02480058
02500058
02520058
02540058
02540059
02540060
02540062
02540064
02540066
02540068
02540069
02540071
02540073
02540075
02540077
02540079
02540081
02540083
02540085
02530085
02530083
02530081
02530079
02530077
02530075
02530073
02530071
02530069
02530068
02530066
02530064
02530062
02530060
02520060
02520062
02520064
02520066
02520068
02520069
02520071
02520073
02520075
02520077
02520079
02520081
02520083
02520085
02510085
02510083
02510081
02510079
02510077
02510075
02510073
02510071
02510069
02510068
02510066
02510064
02510062
02510060
02500060
02500062
02500064
02500066
02500068
02500069
02500071
02500073
02500075
02500077
02500079
02500081
02500083
02500085
02490085
02490083
02490081
02490079
02490077
02490075
02490073
02490071
02490069
02490068
02490066
02490064
02490062
02490060
02480060
02480062
02480064
02480066
02480068
02480069
02480071
02480073
02480075
02480077
02480079
02480081
02480083
02480085
02470085
02470083
02470081
02470079
02470077
02470075
02470073
02470071
02470069
02470068
02470066
02470064
02470062
02470060
02460060
02460062
02460064
02460066
02460068
02460069
02460071
02460073
02460075
02460077
02460079
02460081
02460083
02460085
02450085
02450083
02450081
02450079
02450077
02450075
02450073
02450071
02450069
02450068
02450066
02450064
02450062
02450060
02440060
02440062
02440064
02440066
02440068
02440069
02440071
02440073
02440075
02440077
02440079
02440081
02440083
02440085
02430085
02430083
02430081
02430079
02430077
02430075
02430073
02430071
02430069
02430068
02430066
02430064
02430062
02430060
02420060
02420062
02420064
02420066
02420068
02420069
02420071
02420073
02420075
02420077
02420079
02420081
02420083
02420085
02410085
02410083
02410081
02410079
02410077
02410075
02410073
02410071
02410069
02410068
02410066
02410064
02410062
02410060
02400060
02400062
02400064
02400066
02400068
02400069
02400071
02400073
02400075
02400077
02400079
02400081
02400083
02400085
02390085
02390083
02390081
02390079
02390077
02390075
02390073
02390071
02390069
02390068
02390066
02390064
02390062
02390060
02380060
02380062
02380064
02380066
02380068
02380069
02380071
02380073
02380075
02380077
02380079
02380081
02380083
02380085
02370085
02370083
02370081
02370079
02370077
02370075
02370073
02370071
02370069
02370068
02370066
02370064
02370062
02370060
02360060
02360062
02360064
02360066
02360068
02360069
02360071
02360073
02360075
02360077
02360079
02360081
02360083
02360085
02350085
02350083
02350081
02350079
02350077
02350075
02350073
02350071
02350069
02350068
02350066
02350064
02350062
02350060
02350060
02370060
02390060
02410060
02430060
02450060
02470060
02490060
02510060
02530060
02550060
02570060
02590060
02610059
02630059
02650059
02670059
02690059
02710059
02730059
02750059
02770059
02790059
02810059
02830059
02850059
02870059
02890059
02910059
02930059
02950059
02970059
02990059
03010059
03030059
03050059
03070059
03090059
03110059
03130059
03150059
03170059
03190059
03210059
03230059
03250059
03270059
03290059
03310059
03330059
03350059
03370059
03390058
03410058
03430058
03450058
03470058
03490058
03510058
03530058
03550058
03570058
03590058
03610058
03630058
03650058
03670058
03690058
03710058
03730058
03750058
03770058
03790058
03810058
03830058
03850058
03870058
03890058
03910058
03930058
03950058
03970058
03990058
04010058
04030058
04050058
04070058
04090058
04090059
04090060
04090062
04090064
04090066
04090068
04090069
04090071
04090073
04090075
04090077
04090079
04090081
04090083
04090085
04080085
04080083
04080081
04080079
04080077
04080075
04080073
04080071
04080069
04080068
04080066
04080064
04080062
04080060
04070060
04070062
04070064
04070066
04070068
04070069
04070071
04070073
04070075
04070077
04070079
04070081
04070083
04070085
04060085
04060083
04060081
04060079
04060077
04060075
04060073
04060071
04060069
04060068
04060066
04060064
04060062
04060060
04050060
04050062
04050064
04050066
04050068
04050069
04050071
04050073
04050075
04050077
04050079
04050081
04050083
04050085
04040085
04040083
04040081
04040079
04040077
04040075
04040073
04040071
04040069
04040068
04040066
04040064
04040062
04040060
04030060
04030062
04030064
04030066
04030068
04030069
04030071
04030073
04030075
04030077
04030079
04030081
04030083
04030085
04020085
04020083
04020081
04020079
04020077
04020075
04020073
04020071
04020069
04020068
04020066
04020064
04020062
04020060
04010060
04010062
04010064
04010066
04010068
04010069
04010071
04010073
04010075
04010077
04010079
04010081
04010083
04010085
04000085
04000083
04000081
04000079
04000077
04000075
04000073
04000071
04000069
04000068
04000066
04000064
04000062
04000060
03990060
03990062
03990064
03990066
03990068
03990069
03990071
03990073
03990075
03990077
03990079
03990081
03990083
03990085
03980085
03980083
03980081
03980079
03980077
03980075
03980073
03980071
03980069
03980068
03980066
03980064
03980062
03980060
03970060
03970062
03970064
03970066
03970068
03970069
03970071
03970073
03970075
03970077
03970079
03970081
03970083
03970085
03960085
03960083
03960081
03960079
03960077
03960075
03960073
03960071
03960069
03960068
03960066
03960064
03960062
03960060
03950060
03950062
03950064
03950066
03950068
03950069
03950071
03950073
03950075
03950077
03950079
03950081
03950083
03950085
03940085
03940083
03940081
03940079
03940077
03940075
03940073
03940071
03940069
03940068
03940066
03940064
03940062
03940060
03930060
03930062
03930064
03930066
03930068
03930069
03930071
03930073
03930075
03930077
03930079
03930081
03930083
03930085
03920085
03920083
03920081
03920079
03920077
03920075
03920073
03920071
03920069
03920068
03920066
03920064
03920062
03920060
03910060
03910062
03910064
03910066
03910068
03910069
03910071
03910073
03910075
03910077
03910079
03910081
03910083
03910085
03900085
03900083
03900081
03900079
03900077
03900075
03900073
03900071
03900069
03900068
03900066
03900064
03900062
03900060
03900060
03880060
03860061
03840062
03820062
03800063
03780064
03770064
03750065
03730066
03710066
03690067
03670068
03650068
03630069
03620070
03600070
03580071
03560072
03540072
03520073
03500074
03480074
03460075
03450076
03430076
03410077
03390078
03370078
03350079
03330080
03310080
03300081
03280081
03260082
03240083
03220083
03200084
03180085
03160085
03150086
03130087
03110087
03090088
03070089
03050089
03030090
03010091
03000091
02980092
02960093
02940093
02920094
02900095
02880095
02860096
02850097
02830097
02810098
02790099
02770099
02750100
02730101
02710101
02700102
02680102
02660103
02640104
02620104
02600105
02580106
02560106
02550107
02530108
02510108
02490109
02470110
02450110
02430111
02410112
02390112
02380113
02360114
02340114
02320115
02300116
02280116
02260117
02240118
02230118
02210119
02190120
02170120
02150121
02130122
02110122
02090123
02080124
02060124
02040125
02020125
02000126
01980127
01960127
01940128
01930129
01910129
01890130
01870131
01850131
01830132
01810133
01790133
01780134
01760135
01740135
01720136
01700137
01680137
01660138
01640139
01630139
01610140
01590141
01570141
01550142
01530143
01510143
01490144
01470145
01460145
01440146
01420146
01400147
01380148
01360148
01340149
01320150
01310150
01290151
01270152
01250152
01230153
01210154
01190154
01170155
01160156
01140156
01120157
01100158
01080158
01060159
01040160
01020160
01010161
00990162
00990163
00990164
00990166
00990168
00990170
00990172
00990173
00990175
00990177
00990179
00990181
00990183
00990185
00990187
00990189
00980189
00980187
00980185
00980183
00980181
00980179
00980177
00980175
00980173
00980172
00980170
00980168
00980166
00980164
00970164
00970166
00970168
00970170
00970172
00970173
00970175
00970177
00970179
00970181
00970183
00970185
00970187
00970189
00960189
00960187
00960185
00960183
00960181
00960179
00960177
00960175
00960173
00960172
00960170
00960168
00960166
00960164
00950164
00950166
00950168
00950170
00950172
00950173
00950175
00950177
00950179
00950181
00950183
00950185
00950187
00950189
00940189
00940187
00940185
00940183
00940181
00940179
00940177
00940175
00940173
00940172
00940170
00940168
00940166
00940164
00930164
00930166
00930168
00930170
00930172
00930173
00930175
00930177
00930179
00930181
00930183
00930185
00930187
00930189
00920189
00920187
00920185
00920183
00920181
00920179
00920177
00920175
00920173
00920172
00920170
00920168
00920166
00920164
00910164
00910166
00910168
00910170
00910172
00910173
00910175
00910177
00910179
00910181
00910183
00910185
00910187
00910189
00900189
00900187
00900185
00900183
00900181
00900179
00900177
00900175
00900173
00900172
00900170
00900168
00900166
00900164
00890164
00890166
00890168
00890170
00890172
00890173
00890175
00890177
00890179
00890181
00890183
00890185
00890187
00890189
00880189
00880187
00880185
00880183
00880181
00880179
00880177
00880175
00880173
00880172
00880170
00880168
00880166
00880164
00870164
00870166
00870168
00870170
00870172
00870173
00870175
00870177
00870179
00870181
00870183
00870185
00870187
00870189
00860189
00860187
00860185
00860183
00860181
00860179
00860177
00860175
00860173
00860172
00860170
00860168
00860166
00860164
00850164
00850166
00850168
00850170
00850172
00850173
00850175
00850177
00850179
00850181
00850183
00850185
00850187
00850189
00840189
00840187
00840185
00840183
00840181
00840179
00840177
00840175
00840173
00840172
00840170
00840168
00840166
00840164
00830164
00830166
00830168
00830170
00830172
00830173
00830175
00830177
00830179
00830181
00830183
00830185
00830187
00830189
00820189
00820187
00820185
00820183
00820181
00820179
00820177
00820175
00820173
00820172
00820170
00820168
00820166
00820164
00810164
00810166
00810168
00810170
00810172
00810173
00810175
00810177
00810179
00810181
00810183
00810185
00810187
00810189
00800189
00800187
00800185
00800183
00800181
00800179
00800177
00800175
00800173
00800172
00800170
00800168
00800166
00800164
00800164
00820164
00840164
00860164
00880164
00900164
00920164
00940164
00960164
00980164
01000164
01020164
01040164
01060163
01080163
01100163
01120163
01140163
01160163
01180163
01200163
01220163
01240163
01260163
01280163
01300163
01320163
01340163
01360163
01380163
01400163
01420163
01440163
01460163
01480163
01500163
01520163
01540163
01560163
01580163
01600163
01620163
01640163
01660163
01680163
01700163
01720163
01740163
01760163
01780163
01800163
01820163
01840162
01860162
01880162
01900162
01920162
01940162
01960162
01980162
02000162
02020162
02040162
02060162
02080162
02100162
02120162
02140162
02160162
02180162
02200162
02220162
02240162
02260162
02280162
02300162
02320162
02340162
02360162
02380162
02400162
02420162
02440162
02460162
02480162
02500162
02520162
02540162
02540163
02540164
02540166
02540168
02540170
02540172
02540173
02540175
02540177
02540179
02540181
02540183
02540185
02540187
02540189
02530189
02530187
02530185
02530183
02530181
02530179
02530177
02530175
02530173
02530172
02530170
02530168
02530166
02530164
02520164
02520166
02520168
02520170
02520172
02520173
02520175
02520177
02520179
02520181
02520183
02520185
02520187
02520189
02510189
02510187
02510185
02510183
02510181
02510179
02510177
02510175
02510173
02510172
02510170
02510168
02510166
02510164
02500164
02500166
02500168
02500170
02500172
02500173
02500175
02500177
02500179
02500181
02500183
02500185
02500187
02500189
02490189
02490187
02490185
02490183
02490181
02490179
02490177
02490175
02490173
02490172
02490170
02490168
02490166
02490164
02480164
02480166
02480168
02480170
02480172
02480173
02480175
02480177
02480179
02480181
02480183
02480185
02480187
02480189
02470189
02470187
02470185
02470183
02470181
02470179
02470177
02470175
02470173
02470172
02470170
02470168
02470166
02470164
02460164
02460166
02460168
02460170
02460172
02460173
02460175
02460177
02460179
02460181
02460183
02460185
02460187
02460189
02450189
02450187
02450185
02450183
02450181
02450179
02450177
02450175
02450173
02450172
02450170
02450168
02450166
02450164
02440164
02440166
02440168
02440170
02440172
02440173
02440175
02440177
02440179
02440181
02440183
02440185
02440187
02440189
02430189
02430187
02430185
02430183
02430181
02430179
02430177
02430175
02430173
02430172
02430170
02430168
02430166
02430164
02420164
02420166
02420168
02420170
02420172
02420173
02420175
02420177
02420179
02420181
02420183
02420185
02420187
02420189
02410189
02410187
02410185
02410183
02410181
02410179
02410177
02410175
02410173
02410172
02410170
02410168
02410166
02410164
02400164
02400166
02400168
02400170
02400172
02400173
02400175
02400177
02400179
02400181
02400183
02400185
02400187
02400189
02390189
02390187
02390185
02390183
02390181
02390179
02390177
02390175
02390173
02390172
02390170
02390168
02390166
02390164
02380164
02380166
02380168
02380170
02380172
02380173
02380175
02380177
02380179
02380181
02380183
02380185
02380187
02380189
02370189
02370187
02370185
02370183
02370181
02370179
02370177
02370175
02370173
02370172
02370170
02370168
02370166
02370164
02360164
02360166
02360168
02360170
02360172
02360173
02360175
02360177
02360179
02360181
02360183
02360185
02360187
02360189
02350189
02350187
02350185
02350183
02350181
02350179
02350177
02350175
02350173
02350172
02350170
02350168
02350166
02350164
02350164
02370164
02390164
02410164
02430164
02450164
02470164
02490164
02510164
02530164
02550164
02570164
02590164
02610163
02630163
02650163
02670163
02690163
02710163
02730163
02750163
02770163
02790163
02810163
02830163
02850163
02870163
02890163
02910163
02930163
02950163
02970163
02990163
03010163
03030163
03050163
03070163
03090163
03110163
03130163
03150163
03170163
03190163
03210163
03230163
03250163
03270163
03290163
03310163
03330163
03350163
03370163
03390162
03410162
03430162
03450162
03470162
03490162
03510162
03530162
03550162
03570162
03590162
03610162
03630162
03650162
03670162
03690162
03710162
03730162
03750162
03770162
03790162
03810162
03830162
03850162
03870162
03890162
03910162
03930162
03950162
03970162
03990162
04010162
04030162
04050162
04070162
04090162
04090163
04090164
04090166
04090168
04090170
04090172
04090173
04090175
04090177
04090179
04090181
04090183
04090185
04090187
04090189
04080189
04080187
04080185
04080183
04080181
04080179
04080177
04080175
04080173
04080172
04080170
04080168
04080166
04080164
04070164
04070166
04070168
04070170
04070172
04070173
04070175
04070177
04070179
04070181
04070183
04070185
04070187
04070189
04060189
04060187
04060185
04060183
04060181
04060179
04060177
04060175
04060173
04060172
04060170
04060168
04060166
04060164
04050164
04050166
04050168
04050170
04050172
04050173
04050175
04050177
04050179
04050181
04050183
04050185
04050187
04050189
04040189
04040187
04040185
04040183
04040181
04040179
04040177
04040175
04040173
04040172
04040170
04040168
04040166
04040164
04030164
04030166
04030168
04030170
04030172
04030173
04030175
04030177
04030179
04030181
04030183
04030185
04030187
04030189
04020189
04020187
04020185
04020183
04020181
04020179
04020177
04020175
04020173
04020172
04020170
04020168
04020166
04020164
04010164
04010166
04010168
04010170
04010172
04010173
04010175
04010177
04010179
04010181
04010183
04010185
04010187
04010189
04000189
04000187
04000185
04000183
04000181
04000179
04000177
04000175
04000173
04000172
04000170
04000168
04000166
04000164
03990164
03990166
03990168
03990170
03990172
03990173
03990175
03990177
03990179
03990181
03990183
03990185
03990187
03990189
03980189
03980187
03980185
03980183
03980181
03980179
03980177
03980175
03980173
03980172
03980170
03980168
03980166
03980164
03970164
03970166
03970168
03970170
03970172
03970173
03970175
03970177
03970179
03970181
03970183
03970185
03970187
03970189
03960189
03960187
03960185
03960183
03960181
03960179
03960177
03960175
03960173
03960172
03960170
03960168
03960166
03960164
03950164
03950166
03950168
03950170
03950172
03950173
03950175
03950177
03950179
03950181
03950183
03950185
03950187
03950189
03940189
03940187
03940185
03940183
03940181
03940179
03940177
03940175
03940173
03940172
03940170
03940168
03940166
03940164
03930164
03930166
03930168
03930170
03930172
03930173
03930175
03930177
03930179
03930181
03930183
03930185
03930187
03930189
03920189
03920187
03920185
03920183
03920181
03920179
03920177
03920175
03920173
03920172
03920170
03920168
03920166
03920164
03910164
03910166
03910168
03910170
03910172
03910173
03910175
03910177
03910179
03910181
03910183
03910185
03910187
03910189
03900189
03900187
03900185
03900183
03900181
03900179
03900177
03900175
03900173
03900172
03900170
03900168
03900166
03900164
03900164
03880164
03860165
03840166
03820166
03800167
03780168
03770168
03750169
03730170
03710170
03690171
03670172
03650172
03630173
03620174
03600174
03580175
03560176
03540176
03520177
03500178
03480178
03460179
03450180
03430180
03410181
03390182
03370182
03350183
03330184
03310184
03300185
03280185
03260186
03240187
03220187
03200188
03180189
03160189
03150190
03130191
03110191
03090192
03070193
03050193
03030194
03010195
03000195
02980196
02960197
02940197
02920198
02900199
02880199
02860200
02850201
02830201
02810202
02790203
02770203
02750204
02730205
02710205
02700206
02680206
02660207
02640208
02620208
02600209
02580210
02560210
02550211
02530212
02510212
02490213
02470214
02450214
02430215
02410216
02390216
02380217
02360218
02340218
02320219
02300220
02280220
02260221
02240222
02230222
02210223
02190224
02170224
02150225
02130226
02110226
02090227
02080228
02060228
02040229
02020229
02000230
01980231
01960231
01940232
01930233
01910233
01890234
01870235
01850235
01830236
01810237
01790237
01780238
01760239
01740239
01720240
01700241
01680241
01660242
01640243
01630243
01610244
01590245
01570245
01550246
01530247
01510247
01490248
01470249
01460249
01440250
01420250
01400251
01380252
01360252
01340253
01320254
01310254
01290255
01270256
01250256
01230257
01210258
01190258
01170259
01160260
01140260
01120261
01100262
01080262
01060263
01040264
01020264
01010265
00990266
00990267
00990268
00990270
00990272
00990274
00990276
00990277
00990279
00990281
00990283
00990285
00990287
00990289
00990291
00990293
00980293
00980291
00980289
00980287
00980285
00980283
00980281
00980279
00980277
00980276
00980274
00980272
00980270
00980268
00970268
00970270
00970272
00970274
00970276
00970277
00970279
00970281
00970283
00970285
00970287
00970289
00970291
00970293
00960293
00960291
00960289
00960287
00960285
00960283
00960281
00960279
00960277
00960276
00960274
00960272
00960270
00960268
00950268
00950270
00950272
00950274
00950276
00950277
00950279
00950281
00950283
00950285
00950287
00950289
00950291
00950293
00940293
00940291
00940289
00940287
00940285
00940283
00940281
00940279
00940277
00940276
00940274
00940272
00940270
00940268
00930268
00930270
00930272
00930274
00930276
00930277
00930279
00930281
00930283
00930285
00930287
00930289
00930291
00930293
00920293
00920291
00920289
00920287
00920285
00920283
00920281
00920279
00920277
00920276
00920274
00920272
00920270
00920268
00910268
00910270
00910272
00910274
00910276
00910277
00910279
00910281
00910283
00910285
00910287
00910289
00910291
00910293
00900293
00900291
00900289
00900287
00900285
00900283
00900281
00900279
00900277
00900276
00900274
00900272
00900270
00900268
00890268
00890270
00890272
00890274
00890276
00890277
00890279
00890281
00890283
00890285
00890287
00890289
00890291
00890293
00880293
00880291
00880289
00880287
00880285
00880283
00880281
00880279
00880277
00880276
00880274
00880272
00880270
00880268
00870268
00870270
00870272
00870274
00870276
00870277
00870279
00870281
00870283
00870285
00870287
00870289
00870291
00870293
00860293
00860291
00860289
00860287
00860285
00860283
00860281
00860279
00860277
00860276
00860274
00860272
00860270
00860268
00850268
00850270
00850272
00850274
00850276
00850277
00850279
00850281
00850283
00850285
00850287
00850289
00850291
00850293
00840293
00840291
00840289
00840287
00840285
00840283
00840281
00840279
00840277
00840276
00840274
00840272
00840270
00840268
00830268
00830270
00830272
00830274
00830276
00830277
00830279
00830281
00830283
00830285
00830287
00830289
00830291
00830293
00820293
00820291
00820289
00820287
00820285
00820283
00820281
00820279
00820277
00820276
00820274
00820272
00820270
00820268
00810268
00810270
00810272
00810274
00810276
00810277
00810279
00810281
00810283
00810285
00810287
00810289
00810291
00810293
00800293
00800291
00800289
00800287
00800285
00800283
00800281
00800279
00800277
00800276
00800274
00800272
00800270
00800268
00800268
00820268
00840268
00860268
00880268
00900268
00920268
00940268
00960268
00980268
01000268
01020268
01040268
01060267
01080267
01100267
01120267
01140267
01160267
01180267
01200267
01220267
01240267
01260267
01280267
01300267
01320267
01340267
01360267
01380267
01400267
01420267
01440267
01460267
01480267
01500267
01520267
01540267
01560267
01580267
01600267
01620267
01640267
01660267
01680267
01700267
01720267
01740267
01760267
01780267
01800267
01820267
01840266
01860266
01880266
01900266
01920266
01940266
01960266
01980266
02000266
02020266
02040266
02060266
02080266
02100266
02120266
02140266
02160266
02180266
02200266
02220266
02240266
02260266
02280266
02300266
02320266
02340266
02360266
02380266
02400266
02420266
02440266
02460266
02480266
02500266
02520266
02540266
02540267
02540268
02540270
02540272
02540274
02540276
02540277
02540279
02540281
02540283
02540285
02540287
02540289
02540291
02540293
02530293
02530291
02530289
02530287
02530285
02530283
02530281
02530279
02530277
02530276
02530274
02530272
02530270
02530268
02520268
02520270
02520272
02520274
02520276
02520277
02520279
02520281
02520283
02520285
02520287
02520289
02520291
02520293
02510293
02510291
02510289
02510287
02510285
02510283
02510281
02510279
02510277
02510276
02510274
02510272
02510270
02510268
02500268
02500270
02500272
02500274
02500276
02500277
02500279
02500281
02500283
02500285
02500287
02500289
02500291
02500293
02490293
02490291
02490289
02490287
02490285
02490283
02490281
02490279
02490277
02490276
02490274
02490272
02490270
02490268
02480268
02480270
02480272
02480274
02480276
02480277
02480279
02480281
02480283
02480285
02480287
02480289
02480291
02480293
02470293
02470291
02470289
02470287
02470285
02470283
02470281
02470279
02470277
02470276
02470274
02470272
02470270
02470268
02460268
02460270
02460272
02460274
02460276
02460277
02460279
02460281
02460283
02460285
02460287
02460289
02460291
02460293
02450293
02450291
02450289
02450287
02450285
02450283
02450281
02450279
02450277
02450276
02450274
02450272
02450270
02450268
02440268
02440270
02440272
02440274
02440276
02440277
02440279
02440281
02440283
02440285
02440287
02440289
02440291
02440293
02430293
02430291
02430289
02430287
02430285
02430283
02430281
02430279
02430277
02430276
02430274
02430272
02430270
02430268
02420268
02420270
02420272
02420274
02420276
02420277
02420279
02420281
02420283
02420285
02420287
02420289
02420291
02420293
02410293
02410291
02410289
02410287
02410285
02410283
02410281
02410279
02410277
02410276
02410274
02410272
02410270
02410268
02400268
02400270
02400272
02400274
02400276
02400277
02400279
02400281
02400283
02400285
02400287
02400289
02400291
02400293
02390293
02390291
02390289
02390287
02390285
02390283
02390281
02390279
02390277
02390276
02390274
02390272
02390270
02390268
02380268
02380270
02380272
02380274
02380276
02380277
02380279
02380281
02380283
02380285
02380287
02380289
02380291
02380293
02370293
02370291
02370289
02370287
02370285
02370283
02370281
02370279
02370277
02370276
02370274
02370272
02370270
02370268
02360268
02360270
02360272
02360274
02360276
02360277
02360279
02360281
02360283
02360285
02360287
02360289
02360291
02360293
02350293
02350291
02350289
02350287
02350285
02350283
02350281
02350279
02350277
02350276
02350274
02350272
02350270
02350268
02350268
02370268
02390268
02410268
02430268
02450268
02470268
02490268
02510268
02530268
02550268
02570268
02590268
02610267
02630267
02650267
02670267
02690267
02710267
02730267
02750267
02770267
02790267
02810267
02830267
02850267
02870267
02890267
02910267
02930267
02950267
02970267
02990267
03010267
03030267
03050267
03070267
03090267
03110267
03130267
03150267
03170267
03190267
03210267
03230267
03250267
03270267
03290267
03310267
03330267
03350267
03370267
03390266
03410266
03430266
03450266
03470266
03490266
03510266
03530266
03550266
03570266
03590266
03610266
03630266
03650266
03670266
03690266
03710266
03730266
03750266
03770266
03790266
03810266
03830266
03850266
03870266
03890266
03910266
03930266
03950266
03970266
03990266
04010266
04030266
04050266
04070266
04090266
04090267
04090268
04090270
04090272
04090274
04090276
04090277
04090279
04090281
04090283
04090285
04090287
04090289
04090291
04090293
04080293
04080291
04080289
04080287
04080285
04080283
04080281
04080279
04080277
04080276
04080274
04080272
04080270
04080268
04070268
04070270
04070272
04070274
04070276
04070277
04070279
04070281
04070283
04070285
04070287
04070289
04070291
04070293
04060293
04060291
04060289
04060287
04060285
04060283
04060281
04060279
04060277
04060276
04060274
04060272
04060270
04060268
04050268
04050270
04050272
04050274
04050276
04050277
04050279
04050281
04050283
04050285
04050287
04050289
04050291
04050293
04040293
04040291
04040289
04040287
04040285
04040283
04040281
04040279
04040277
04040276
04040274
04040272
04040270
04040268
04030268
04030270
04030272
04030274
04030276
04030277
04030279
04030281
04030283
04030285
04030287
04030289
04030291
04030293
04020293
04020291
04020289
04020287
04020285
04020283
04020281
04020279
04020277
04020276
04020274
04020272
04020270
04020268
04010268
04010270
04010272
04010274
04010276
04010277
04010279
04010281
04010283
04010285
04010287
04010289
04010291
04010293
04000293
04000291
04000289
04000287
04000285
04000283
04000281
04000279
04000277
04000276
04000274
04000272
04000270
04000268
03990268
03990270
03990272
03990274
03990276
03990277
03990279
03990281
03990283
03990285
03990287
03990289
03990291
03990293
03980293
03980291
03980289
03980287
03980285
03980283
03980281
03980279
03980277
03980276
03980274
03980272
03980270
03980268
03970268
03970270
03970272
03970274
03970276
03970277
03970279
03970281
03970283
03970285
03970287
03970289
03970291
03970293
03960293
03960291
03960289
03960287
03960285
03960283
03960281
03960279
03960277
03960276
03960274
03960272
03960270
03960268
03950268
03950270
03950272
03950274
03950276
03950277
03950279
03950281
03950283
03950285
03950287
03950289
03950291
03950293
03940293
03940291
03940289
03940287
03940285
03940283
03940281
03940279
03940277
03940276
03940274
03940272
03940270
03940268
03930268
03930270
03930272
03930274
03930276
03930277
03930279
03930281
03930283
03930285
03930287
03930289
03930291
03930293
03920293
03920291
03920289
03920287
03920285
03920283
03920281
03920279
03920277
03920276
03920274
03920272
03920270
03920268
03910268
03910270
03910272
03910274
03910276
03910277
03910279
03910281
03910283
03910285
03910287
03910289
03910291
03910293
03900293
03900291
03900289
03900287
03900285
03900283
03900281
03900279
03900277
03900276
03900274
03900272
03900270
03900268
