04310058
04290058
04270058
04250058
04230058
04210058
04190058
04170058
04150058
04130058
04110058
04090058
04070058
04050058
04030058
04010058
04010059
04010060
04010062
04010064
04010066
04010068
04010069
04010071
04010073
04010075
04010077
04010079
04010081
04010083
04010085
04020085
04020083
04020081
04020079
04020077
04020075
04020073
04020071
04020069
04020068
04020066
04020064
04020062
04020060
04030060
04030062
04030064
04030066
04030068
04030069
04030071
04030073
04030075
04030077
04030079
04030081
04030083
04030085
04040085
04040083
04040081
04040079
04040077
04040075
04040073
04040071
04040069
04040068
04040066
04040064
04040062
04040060
04050060
04050062
04050064
04050066
04050068
04050069
04050071
04050073
04050075
04050077
04050079
04050081
04050083
04050085
04060085
04060083
04060081
04060079
04060077
04060075
04060073
04060071
04060069
04060068
04060066
04060064
04060062
04060060
04070060
04070062
04070064
04070066
04070068
04070069
04070071
04070073
04070075
04070077
04070079
04070081
04070083
04070085
04080085
04080083
04080081
04080079
04080077
04080075
04080073
04080071
04080069
04080068
04080066
04080064
04080062
04080060
04090060
04090062
04090064
04090066
04090068
04090069
04090071
04090073
04090075
04090077
04090079
04090081
04090083
04090085
04100085
04100083
04100081
04100079
04100077
04100075
04100073
04100071
04100069
04100068
04100066
04100064
04100062
04100060
04110060
04110062
04110064
04110066
04110068
04110069
04110071
04110073
04110075
04110077
04110079
04110081
04110083
04110085
04120085
04120083
04120081
04120079
04120077
04120075
04120073
04120071
04120069
04120068
04120066
04120064
04120062
04120060
04130060
04130062
04130064
04130066
04130068
04130069
04130071
04130073
04130075
04130077
04130079
04130081
04130083
04130085
04140085
04140083
04140081
04140079
04140077
04140075
04140073
04140071
04140069
04140068
04140066
04140064
04140062
04140060
04150060
04150062
04150064
04150066
04150068
04150069
04150071
04150073
04150075
04150077
04150079
04150081
04150083
04150085
04160085
04160083
04160081
04160079
04160077
04160075
04160073
04160071
04160069
04160068
04160066
04160064
04160062
04160060
04170060
04170062
04170064
04170066
04170068
04170069
04170071
04170073
04170075
04170077
04170079
04170081
04170083
04170085
04180085
04180083
04180081
04180079
04180077
04180075
04180073
04180071
04180069
04180068
04180066
04180064
04180062
04180060
04190060
04190062
04190064
04190066
04190068
04190069
04190071
04190073
04190075
04190077
04190079
04190081
04190083
04190085
04200085
04200083
04200081
04200079
04200077
04200075
04200073
04200071
04200069
04200068
04200066
04200064
04200062
04200060
04200060
04180060
04160060
04140060
04120060
04100060
04080060
04060060
04040060
04020060
04000060
03980060
03960060
03940059
03920059
03900059
03880059
03860059
03840059
03820059
03800059
03780059
03760059
03740059
03720059
03700059
03680059
03660059
03640059
03620059
03600059
03580059
03560059
03540059
03520059
03500059
03480059
03460059
03440059
03420059
03400059
03380059
03360059
03340059
03320059
03300059
03280059
03260059
03240059
03220059
03200059
03180059
03160058
03140058
03120058
03100058
03080058
03060058
03040058
03020058
03000058
02980058
02960058
02940058
02920058
02900058
02880058
02860058
02840058
02820058
02800058
02780058
02760058
02740058
02720058
02700058
02680058
02660058
02640058
02620058
02600058
02580058
02560058
02540058
02520058
02500058
02480058
02460058
02460059
02460060
02460062
02460064
02460066
02460068
02460069
02460071
02460073
02460075
02460077
02460079
02460081
02460083
02460085
02470085
02470083
02470081
02470079
02470077
02470075
02470073
02470071
02470069
02470068
02470066
02470064
02470062
02470060
02480060
02480062
02480064
02480066
02480068
02480069
02480071
02480073
02480075
02480077
02480079
02480081
02480083
02480085
02490085
02490083
02490081
02490079
02490077
02490075
02490073
02490071
02490069
02490068
02490066
02490064
02490062
02490060
02500060
02500062
02500064
02500066
02500068
02500069
02500071
02500073
02500075
02500077
02500079
02500081
02500083
02500085
02510085
02510083
02510081
02510079
02510077
02510075
02510073
02510071
02510069
02510068
02510066
02510064
02510062
02510060
02520060
02520062
02520064
02520066
02520068
02520069
02520071
02520073
02520075
02520077
02520079
02520081
02520083
02520085
02530085
02530083
02530081
02530079
02530077
02530075
02530073
02530071
02530069
02530068
02530066
02530064
02530062
02530060
02540060
02540062
02540064
02540066
02540068
02540069
02540071
02540073
02540075
02540077
02540079
02540081
02540083
02540085
02550085
02550083
02550081
02550079
02550077
02550075
02550073
02550071
02550069
02550068
02550066
02550064
02550062
02550060
02560060
02560062
02560064
02560066
02560068
02560069
02560071
02560073
02560075
02560077
02560079
02560081
02560083
02560085
02570085
02570083
02570081
02570079
02570077
02570075
02570073
02570071
02570069
02570068
02570066
02570064
02570062
02570060
02580060
02580062
02580064
02580066
02580068
02580069
02580071
02580073
02580075
02580077
02580079
02580081
02580083
02580085
02590085
02590083
02590081
02590079
02590077
02590075
02590073
02590071
02590069
02590068
02590066
02590064
02590062
02590060
02600060
02600062
02600064
02600066
02600068
02600069
02600071
02600073
02600075
02600077
02600079
02600081
02600083
02600085
02610085
02610083
02610081
02610079
02610077
02610075
02610073
02610071
02610069
02610068
02610066
02610064
02610062
02610060
02620060
02620062
02620064
02620066
02620068
02620069
02620071
02620073
02620075
02620077
02620079
02620081
02620083
02620085
02630085
02630083
02630081
02630079
02630077
02630075
02630073
02630071
02630069
02630068
02630066
02630064
02630062
02630060
02640060
02640062
02640064
02640066
02640068
02640069
02640071
02640073
02640075
02640077
02640079
02640081
02640083
02640085
02650085
02650083
02650081
02650079
02650077
02650075
02650073
02650071
02650069
02650068
02650066
02650064
02650062
02650060
02650060
02630060
02610060
02590060
02570060
02550060
02530060
02510060
02490060
02470060
02450060
02430060
02410060
02390059
02370059
02350059
02330059
02310059
02290059
02270059
02250059
02230059
02210059
02190059
02170059
02150059
02130059
02110059
02090059
02070059
02050059
02030059
02010059
01990059
01970059
01950059
01930059
01910059
01890059
01870059
01850059
01830059
01810059
01790059
01770059
01750059
01730059
01710059
01690059
01670059
01650059
01630059
01610058
01590058
01570058
01550058
01530058
01510058
01490058
01470058
01450058
01430058
01410058
01390058
01370058
01350058
01330058
01310058
01290058
01270058
01250058
01230058
01210058
01190058
01170058
01150058
01130058
01110058
01090058
01070058
01050058
01030058
01010058
00990058
00970058
00950058
00930058
00910058
00910059
00910060
00910062
00910064
00910066
00910068
00910069
00910071
00910073
00910075
00910077
00910079
00910081
00910083
00910085
00920085
00920083
00920081
00920079
00920077
00920075
00920073
00920071
00920069
00920068
00920066
00920064
00920062
00920060
00930060
00930062
00930064
00930066
00930068
00930069
00930071
00930073
00930075
00930077
00930079
00930081
00930083
00930085
00940085
00940083
00940081
00940079
00940077
00940075
00940073
00940071
00940069
00940068
00940066
00940064
00940062
00940060
00950060
00950062
00950064
00950066
00950068
00950069
00950071
00950073
00950075
00950077
00950079
00950081
00950083
00950085
00960085
00960083
00960081
00960079
00960077
00960075
00960073
00960071
00960069
00960068
00960066
00960064
00960062
00960060
00970060
00970062
00970064
00970066
00970068
00970069
00970071
00970073
00970075
00970077
00970079
00970081
00970083
00970085
00980085
00980083
00980081
00980079
00980077
00980075
00980073
00980071
00980069
00980068
00980066
00980064
00980062
00980060
00990060
00990062
00990064
00990066
00990068
00990069
00990071
00990073
00990075
00990077
00990079
00990081
00990083
00990085
01000085
01000083
01000081
01000079
01000077
01000075
01000073
01000071
01000069
01000068
01000066
01000064
01000062
01000060
01010060
01010062
01010064
01010066
01010068
01010069
01010071
01010073
01010075
01010077
01010079
01010081
01010083
01010085
01020085
01020083
01020081
01020079
01020077
01020075
01020073
01020071
01020069
01020068
01020066
01020064
01020062
01020060
01030060
01030062
01030064
01030066
01030068
01030069
01030071
01030073
01030075
01030077
01030079
01030081
01030083
01030085
01040085
01040083
01040081
01040079
01040077
01040075
01040073
01040071
01040069
01040068
01040066
01040064
01040062
01040060
01050060
01050062
01050064
01050066
01050068
01050069
01050071
01050073
01050075
01050077
01050079
01050081
01050083
01050085
01060085
01060083
01060081
01060079
01060077
01060075
01060073
01060071
01060069
01060068
01060066
01060064
01060062
01060060
01070060
01070062
01070064
01070066
01070068
01070069
01070071
01070073
01070075
01070077
01070079
01070081
01070083
01070085
01080085
01080083
01080081
01080079
01080077
01080075
01080073
01080071
01080069
01080068
01080066
01080064
01080062
01080060
01090060
01090062
01090064
01090066
01090068
01090069
01090071
01090073
01090075
01090077
01090079
01090081
01090083
01090085
01100085
01100083
01100081
01100079
01100077
01100075
01100073
01100071
01100069
01100068
01100066
01100064
01100062
01100060
01100060
01120060
01140061
01160062
01180062
01200063
01220064
01230064
01250065
01270066
01290066
01310067
01330068
01350068
01370069
01380070
01400070
01420071
01440072
01460072
01480073
01500074
01520074
01540075
01550076
01570076
01590077
01610078
01630078
01650079
01670080
01690080
01700081
01720081
01740082
01760083
01780083
01800084
01820085
01840085
01850086
01870087
01890087
01910088
01930089
01950089
01970090
01990091
02000091
02020092
02040093
02060093
02080094
02100095
02120095
02140096
02150097
02170097
02190098
02210099
02230099
02250100
02270101
02290101
02300102
02320102
02340103
02360104
02380104
02400105
02420106
02440106
02450107
02470108
02490108
02510109
02530110
02550110
02570111
02590112
02610112
02620113
02640114
02660114
02680115
02700116
02720116
02740117
02760118
02770118
02790119
02810120
02830120
02850121
02870122
02890122
02910123
02920124
02940124
02960125
02980125
03000126
03020127
03040127
03060128
03070129
03090129
03110130
03130131
03150131
03170132
03190133
03210133
03220134
03240135
03260135
03280136
03300137
03320137
03340138
03360139
03370139
03390140
03410141
03430141
03450142
03470143
03490143
03510144
03530145
03540145
03560146
03580146
03600147
03620148
03640148
03660149
03680150
03690150
03710151
03730152
03750152
03770153
03790154
03810154
03830155
03840156
03860156
03880157
03900158
03920158
03940159
03960160
03980160
03990161
04010162
04010163
04010164
04010166
04010168
04010170
04010172
04010173
04010175
04010177
04010179
04010181
04010183
04010185
04010187
04010189
04020189
04020187
04020185
04020183
04020181
04020179
04020177
04020175
04020173
04020172
04020170
04020168
04020166
04020164
04030164
04030166
04030168
04030170
04030172
04030173
04030175
04030177
04030179
04030181
04030183
04030185
04030187
04030189
04040189
04040187
04040185
04040183
04040181
04040179
04040177
04040175
04040173
04040172
04040170
04040168
04040166
04040164
04050164
04050166
04050168
04050170
04050172
04050173
04050175
04050177
04050179
04050181
04050183
04050185
04050187
04050189
04060189
04060187
04060185
04060183
04060181
04060179
04060177
04060175
04060173
04060172
04060170
04060168
04060166
04060164
04070164
04070166
04070168
04070170
04070172
04070173
04070175
04070177
04070179
04070181
04070183
04070185
04070187
04070189
04080189
04080187
04080185
04080183
04080181
04080179
04080177
04080175
04080173
04080172
04080170
04080168
04080166
04080164
04090164
04090166
04090168
04090170
04090172
04090173
04090175
04090177
04090179
04090181
04090183
04090185
04090187
04090189
04100189
04100187
04100185
04100183
04100181
04100179
04100177
04100175
04100173
04100172
04100170
04100168
04100166
04100164
04110164
04110166
04110168
04110170
04110172
04110173
04110175
04110177
04110179
04110181
04110183
04110185
04110187
04110189
04120189
04120187
04120185
04120183
04120181
04120179
04120177
04120175
04120173
04120172
04120170
04120168
04120166
04120164
04130164
04130166
04130168
04130170
04130172
04130173
04130175
04130177
04130179
04130181
04130183
04130185
04130187
04130189
04140189
04140187
04140185
04140183
04140181
04140179
04140177
04140175
04140173
04140172
04140170
04140168
04140166
04140164
04150164
04150166
04150168
04150170
04150172
04150173
04150175
04150177
04150179
04150181
04150183
04150185
04150187
04150189
04160189
04160187
04160185
04160183
04160181
04160179
04160177
04160175
04160173
04160172
04160170
04160168
04160166
04160164
04170164
04170166
04170168
04170170
04170172
04170173
04170175
04170177
04170179
04170181
04170183
04170185
04170187
04170189
04180189
04180187
04180185
04180183
04180181
04180179
04180177
04180175
04180173
04180172
04180170
04180168
04180166
04180164
04190164
04190166
04190168
04190170
04190172
04190173
04190175
04190177
04190179
04190181
04190183
04190185
04190187
04190189
04200189
04200187
04200185
04200183
04200181
04200179
04200177
04200175
04200173
04200172
04200170
04200168
04200166
04200164
04200164
04180164
04160164
04140164
04120164
04100164
04080164
04060164
04040164
04020164
04000164
03980164
03960164
03940163
03920163
03900163
03880163
03860163
03840163
03820163
03800163
03780163
03760163
03740163
03720163
03700163
03680163
03660163
03640163
03620163
03600163
03580163
03560163
03540163
03520163
03500163
03480163
03460163
03440163
03420163
03400163
03380163
03360163
03340163
03320163
03300163
03280163
03260163
03240163
03220163
03200163
03180163
03160162
03140162
03120162
03100162
03080162
03060162
03040162
03020162
03000162
02980162
02960162
02940162
02920162
02900162
02880162
02860162
02840162
02820162
02800162
02780162
02760162
02740162
02720162
02700162
02680162
02660162
02640162
02620162
02600162
02580162
02560162
02540162
02520162
02500162
02480162
02460162
02460163
02460164
02460166
02460168
02460170
02460172
02460173
02460175
02460177
02460179
02460181
02460183
02460185
02460187
02460189
02470189
02470187
02470185
02470183
02470181
02470179
02470177
02470175
02470173
02470172
02470170
02470168
02470166
02470164
02480164
02480166
02480168
02480170
02480172
02480173
02480175
02480177
02480179
02480181
02480183
02480185
02480187
02480189
02490189
02490187
02490185
02490183
02490181
02490179
02490177
02490175
02490173
02490172
02490170
02490168
02490166
02490164
02500164
02500166
02500168
02500170
02500172
02500173
02500175
02500177
02500179
02500181
02500183
02500185
02500187
02500189
02510189
02510187
02510185
02510183
02510181
02510179
02510177
02510175
02510173
02510172
02510170
02510168
02510166
02510164
02520164
02520166
02520168
02520170
02520172
02520173
02520175
02520177
02520179
02520181
02520183
02520185
02520187
02520189
02530189
02530187
02530185
02530183
02530181
02530179
02530177
02530175
02530173
02530172
02530170
02530168
02530166
02530164
02540164
02540166
02540168
02540170
02540172
02540173
02540175
02540177
02540179
02540181
02540183
02540185
02540187
02540189
02550189
02550187
02550185
02550183
02550181
02550179
02550177
02550175
02550173
02550172
02550170
02550168
02550166
02550164
02560164
02560166
02560168
02560170
02560172
02560173
02560175
02560177
02560179
02560181
02560183
02560185
02560187
02560189
02570189
02570187
02570185
02570183
02570181
02570179
02570177
02570175
02570173
02570172
02570170
02570168
02570166
02570164
02580164
02580166
02580168
02580170
02580172
02580173
02580175
02580177
02580179
02580181
02580183
02580185
02580187
02580189
02590189
02590187
02590185
02590183
02590181
02590179
02590177
02590175
02590173
02590172
02590170
02590168
02590166
02590164
02600164
02600166
02600168
02600170
02600172
02600173
02600175
02600177
02600179
02600181
02600183
02600185
02600187
02600189
02610189
02610187
02610185
02610183
02610181
02610179
02610177
02610175
02610173
02610172
02610170
02610168
02610166
02610164
02620164
02620166
02620168
02620170
02620172
02620173
02620175
02620177
02620179
02620181
02620183
02620185
02620187
02620189
02630189
02630187
02630185
02630183
02630181
02630179
02630177
02630175
02630173
02630172
02630170
02630168
02630166
02630164
02640164
02640166
02640168
02640170
02640172
02640173
02640175
02640177
02640179
02640181
02640183
02640185
02640187
02640189
02650189
02650187
02650185
02650183
02650181
02650179
02650177
02650175
02650173
02650172
02650170
02650168
02650166
02650164
02650164
02630164
02610164
02590164
02570164
02550164
02530164
02510164
02490164
02470164
02450164
02430164
02410164
02390163
02370163
02350163
02330163
02310163
02290163
02270163
02250163
02230163
02210163
02190163
02170163
02150163
02130163
02110163
02090163
02070163
02050163
02030163
02010163
01990163
01970163
01950163
01930163
01910163
01890163
01870163
01850163
01830163
01810163
01790163
01770163
01750163
01730163
01710163
01690163
01670163
01650163
01630163
01610162
01590162
01570162
01550162
01530162
01510162
01490162
01470162
01450162
01430162
01410162
01390162
01370162
01350162
01330162
01310162
01290162
01270162
01250162
01230162
01210162
01190162
01170162
01150162
01130162
01110162
01090162
01070162
01050162
01030162
01010162
00990162
00970162
00950162
00930162
00910162
00910163
00910164
00910166
00910168
00910170
00910172
00910173
00910175
00910177
00910179
00910181
00910183
00910185
00910187
00910189
00920189
00920187
00920185
00920183
00920181
00920179
00920177
00920175
00920173
00920172
00920170
00920168
00920166
00920164
00930164
00930166
00930168
00930170
00930172
00930173
00930175
00930177
00930179
00930181
00930183
00930185
00930187
00930189
00940189
00940187
00940185
00940183
00940181
00940179
00940177
00940175
00940173
00940172
00940170
00940168
00940166
00940164
00950164
00950166
00950168
00950170
00950172
00950173
00950175
00950177
00950179
00950181
00950183
00950185
00950187
00950189
00960189
00960187
00960185
00960183
00960181
00960179
00960177
00960175
00960173
00960172
00960170
00960168
00960166
00960164
00970164
00970166
00970168
00970170
00970172
00970173
00970175
00970177
00970179
00970181
00970183
00970185
00970187
00970189
00980189
00980187
00980185
00980183
00980181
00980179
00980177
00980175
00980173
00980172
00980170
00980168
00980166
00980164
00990164
00990166
00990168
00990170
00990172
00990173
00990175
00990177
00990179
00990181
00990183
00990185
00990187
00990189
01000189
01000187
01000185
01000183
01000181
01000179
01000177
01000175
01000173
01000172
01000170
01000168
01000166
01000164
01010164
01010166
01010168
01010170
01010172
01010173
01010175
01010177
01010179
01010181
01010183
01010185
01010187
01010189
01020189
01020187
01020185
01020183
01020181
01020179
01020177
01020175
01020173
01020172
01020170
01020168
01020166
01020164
01030164
01030166
01030168
01030170
01030172
01030173
01030175
01030177
01030179
01030181
01030183
01030185
01030187
01030189
01040189
01040187
01040185
01040183
01040181
01040179
01040177
01040175
01040173
01040172
01040170
01040168
01040166
01040164
01050164
01050166
01050168
01050170
01050172
01050173
01050175
01050177
01050179
01050181
01050183
01050185
01050187
01050189
01060189
01060187
01060185
01060183
01060181
01060179
01060177
01060175
01060173
01060172
01060170
01060168
01060166
01060164
01070164
01070166
01070168
01070170
01070172
01070173
01070175
01070177
01070179
01070181
01070183
01070185
01070187
01070189
01080189
01080187
01080185
01080183
01080181
01080179
01080177
01080175
01080173
01080172
01080170
01080168
01080166
01080164
01090164
01090166
01090168
01090170
01090172
01090173
01090175
01090177
01090179
01090181
01090183
01090185
01090187
01090189
01100189
01100187
01100185
01100183
01100181
01100179
01100177
01100175
01100173
01100172
01100170
01100168
01100166
01100164
01100164
01120164
01140165
01160166
01180166
01200167
01220168
01230168
01250169
01270170
01290170
01310171
01330172
01350172
01370173
01380174
01400174
01420175
01440176
01460176
01480177
01500178
01520178
01540179
01550180
01570180
01590181
01610182
01630182
01650183
01670184
01690184
01700185
01720185
01740186
01760187
01780187
01800188
01820189
01840189
01850190
01870191
01890191
01910192
01930193
01950193
01970194
01990195
02000195
02020196
02040197
02060197
02080198
02100199
02120199
02140200
02150201
02170201
02190202
02210203
02230203
02250204
02270205
02290205
02300206
02320206
02340207
02360208
02380208
02400209
02420210
02440210
02450211
02470212
02490212
02510213
02530214
02550214
02570215
02590216
02610216
02620217
02640218
02660218
02680219
02700220
02720220
02740221
02760222
02770222
02790223
02810224
02830224
02850225
02870226
02890226
02910227
02920228
02940228
02960229
02980229
03000230
03020231
03040231
03060232
03070233
03090233
03110234
03130235
03150235
03170236
03190237
03210237
03220238
03240239
03260239
03280240
03300241
03320241
03340242
03360243
03370243
03390244
03410245
03430245
03450246
03470247
03490247
03510248
03530249
03540249
03560250
03580250
03600251
03620252
03640252
03660253
03680254
03690254
03710255
03730256
03750256
03770257
03790258
03810258
03830259
03840260
03860260
03880261
03900262
03920262
03940263
03960264
03980264
03990265
04010266
04010267
04010268
04010270
04010272
04010274
04010276
04010277
04010279
04010281
04010283
04010285
04010287
04010289
04010291
04010293
04020293
04020291
04020289
04020287
04020285
04020283
04020281
04020279
04020277
04020276
04020274
04020272
04020270
04020268
04030268
04030270
04030272
04030274
04030276
04030277
04030279
04030281
04030283
04030285
04030287
04030289
04030291
04030293
04040293
04040291
04040289
04040287
04040285
04040283
04040281
04040279
04040277
04040276
04040274
04040272
04040270
04040268
04050268
04050270
04050272
04050274
04050276
04050277
04050279
04050281
04050283
04050285
04050287
04050289
04050291
04050293
04060293
04060291
04060289
04060287
04060285
04060283
04060281
04060279
04060277
04060276
04060274
04060272
04060270
04060268
04070268
04070270
04070272
04070274
04070276
04070277
04070279
04070281
04070283
04070285
04070287
04070289
04070291
04070293
04080293
04080291
04080289
04080287
04080285
04080283
04080281
04080279
04080277
04080276
04080274
04080272
04080270
04080268
04090268
04090270
04090272
04090274
04090276
04090277
04090279
04090281
04090283
04090285
04090287
04090289
04090291
04090293
04100293
04100291
04100289
04100287
04100285
04100283
04100281
04100279
04100277
04100276
04100274
04100272
04100270
04100268
04110268
04110270
04110272
04110274
04110276
04110277
04110279
04110281
04110283
04110285
04110287
04110289
04110291
04110293
04120293
04120291
04120289
04120287
04120285
04120283
04120281
04120279
04120277
04120276
04120274
04120272
04120270
04120268
04130268
04130270
04130272
04130274
04130276
04130277
04130279
04130281
04130283
04130285
04130287
04130289
04130291
04130293
04140293
04140291
04140289
04140287
04140285
04140283
04140281
04140279
04140277
04140276
04140274
04140272
04140270
04140268
04150268
04150270
04150272
04150274
04150276
04150277
04150279
04150281
04150283
04150285
04150287
04150289
04150291
04150293
04160293
04160291
04160289
04160287
04160285
04160283
04160281
04160279
04160277
04160276
04160274
04160272
04160270
04160268
04170268
04170270
04170272
04170274
04170276
04170277
04170279
04170281
04170283
04170285
04170287
04170289
04170291
04170293
04180293
04180291
04180289
04180287
04180285
04180283
04180281
04180279
04180277
04180276
04180274
04180272
04180270
04180268
04190268
04190270
04190272
04190274
04190276
04190277
04190279
04190281
04190283
04190285
04190287
04190289
04190291
04190293
04200293
04200291
04200289
04200287
04200285
04200283
04200281
04200279
04200277
04200276
04200274
04200272
04200270
04200268
04200268
04180268
04160268
04140268
04120268
04100268
04080268
04060268
04040268
04020268
04000268
03980268
03960268
03940267
03920267
03900267
03880267
03860267
03840267
03820267
03800267
03780267
03760267
03740267
03720267
03700267
03680267
03660267
03640267
03620267
03600267
03580267
03560267
03540267
03520267
03500267
03480267
03460267
03440267
03420267
03400267
03380267
03360267
03340267
03320267
03300267
03280267
03260267
03240267
03220267
03200267
03180267
03160266
03140266
03120266
03100266
03080266
03060266
03040266
03020266
03000266
02980266
02960266
02940266
02920266
02900266
02880266
02860266
02840266
02820266
02800266
02780266
02760266
02740266
02720266
02700266
02680266
02660266
02640266
02620266
02600266
02580266
02560266
02540266
02520266
02500266
02480266
02460266
02460267
02460268
02460270
02460272
02460274
02460276
02460277
02460279
02460281
02460283
02460285
02460287
02460289
02460291
02460293
02470293
02470291
02470289
02470287
02470285
02470283
02470281
02470279
02470277
02470276
02470274
02470272
02470270
02470268
02480268
02480270
02480272
02480274
02480276
02480277
02480279
02480281
02480283
02480285
02480287
02480289
02480291
02480293
02490293
02490291
02490289
02490287
02490285
02490283
02490281
02490279
02490277
02490276
02490274
02490272
02490270
02490268
02500268
02500270
02500272
02500274
02500276
02500277
02500279
02500281
02500283
02500285
02500287
02500289
02500291
02500293
02510293
02510291
02510289
02510287
02510285
02510283
02510281
02510279
02510277
02510276
02510274
02510272
02510270
02510268
02520268
02520270
02520272
02520274
02520276
02520277
02520279
02520281
02520283
02520285
02520287
02520289
02520291
02520293
02530293
02530291
02530289
02530287
02530285
02530283
02530281
02530279
02530277
02530276
02530274
02530272
02530270
02530268
02540268
02540270
02540272
02540274
02540276
02540277
02540279
02540281
02540283
02540285
02540287
02540289
02540291
02540293
02550293
02550291
02550289
02550287
02550285
02550283
02550281
02550279
02550277
02550276
02550274
02550272
02550270
02550268
02560268
02560270
02560272
02560274
02560276
02560277
02560279
02560281
02560283
02560285
02560287
02560289
02560291
02560293
02570293
02570291
02570289
02570287
02570285
02570283
02570281
02570279
02570277
02570276
02570274
02570272
02570270
02570268
02580268
02580270
02580272
02580274
02580276
02580277
02580279
02580281
02580283
02580285
02580287
02580289
02580291
02580293
02590293
02590291
02590289
02590287
02590285
02590283
02590281
02590279
02590277
02590276
02590274
02590272
02590270
02590268
02600268
02600270
02600272
02600274
02600276
02600277
02600279
02600281
02600283
02600285
02600287
02600289
02600291
02600293
02610293
02610291
02610289
02610287
02610285
02610283
02610281
02610279
02610277
02610276
02610274
02610272
02610270
02610268
02620268
02620270
02620272
02620274
02620276
02620277
02620279
02620281
02620283
02620285
02620287
02620289
02620291
02620293
02630293
02630291
02630289
02630287
02630285
02630283
02630281
02630279
02630277
02630276
02630274
02630272
02630270
02630268
02640268
02640270
02640272
02640274
02640276
02640277
02640279
02640281
02640283
02640285
02640287
02640289
02640291
02640293
02650293
02650291
02650289
02650287
02650285
02650283
02650281
02650279
02650277
02650276
02650274
02650272
02650270
02650268
02650268
02630268
02610268
02590268
02570268
02550268
02530268
02510268
02490268
02470268
02450268
02430268
02410268
02390267
02370267
02350267
02330267
02310267
02290267
02270267
02250267
02230267
02210267
02190267
02170267
02150267
02130267
02110267
02090267
02070267
02050267
02030267
02010267
01990267
01970267
01950267
01930267
01910267
01890267
01870267
01850267
01830267
01810267
01790267
01770267
01750267
01730267
01710267
01690267
01670267
01650267
01630267
01610266
01590266
01570266
01550266
01530266
01510266
01490266
01470266
01450266
01430266
01410266
01390266
01370266
01350266
01330266
01310266
01290266
01270266
01250266
01230266
01210266
01190266
01170266
01150266
01130266
01110266
01090266
01070266
01050266
01030266
01010266
00990266
00970266
00950266
00930266
00910266
00910267
00910268
00910270
00910272
00910274
00910276
00910277
00910279
00910281
00910283
00910285
00910287
00910289
00910291
00910293
00920293
00920291
00920289
00920287
00920285
00920283
00920281
00920279
00920277
00920276
00920274
00920272
00920270
00920268
00930268
00930270
00930272
00930274
00930276
00930277
00930279
00930281
00930283
00930285
00930287
00930289
00930291
00930293
00940293
00940291
00940289
00940287
00940285
00940283
00940281
00940279
00940277
00940276
00940274
00940272
00940270
00940268
00950268
00950270
00950272
00950274
00950276
00950277
00950279
00950281
00950283
00950285
00950287
00950289
00950291
00950293
00960293
00960291
00960289
00960287
00960285
00960283
00960281
00960279
00960277
00960276
00960274
00960272
00960270
00960268
00970268
00970270
00970272
00970274
00970276
00970277
00970279
00970281
00970283
00970285
00970287
00970289
00970291
00970293
00980293
00980291
00980289
00980287
00980285
00980283
00980281
00980279
00980277
00980276
00980274
00980272
00980270
00980268
00990268
00990270
00990272
00990274
00990276
00990277
00990279
00990281
00990283
00990285
00990287
00990289
00990291
00990293
01000293
01000291
01000289
01000287
01000285
01000283
01000281
01000279
01000277
01000276
01000274
01000272
01000270
01000268
01010268
01010270
01010272
01010274
01010276
01010277
01010279
01010281
01010283
01010285
01010287
01010289
01010291
01010293
01020293
01020291
01020289
01020287
01020285
01020283
01020281
01020279
01020277
01020276
01020274
01020272
01020270
01020268
01030268
01030270
01030272
01030274
01030276
01030277
01030279
01030281
01030283
01030285
01030287
01030289
01030291
01030293
01040293
01040291
01040289
01040287
01040285
01040283
01040281
01040279
01040277
01040276
01040274
01040272
01040270
01040268
01050268
01050270
01050272
01050274
01050276
01050277
01050279
01050281
01050283
01050285
01050287
01050289
01050291
01050293
01060293
01060291
01060289
01060287
01060285
01060283
01060281
01060279
01060277
01060276
01060274
01060272
01060270
01060268
01070268
01070270
01070272
01070274
01070276
01070277
01070279
01070281
01070283
01070285
01070287
01070289
01070291
01070293
01080293
01080291
01080289
01080287
01080285
01080283
01080281
01080279
01080277
01080276
01080274
01080272
01080270
01080268
01090268
01090270
01090272
01090274
01090276
01090277
01090279
01090281
01090283
01090285
01090287
01090289
01090291
01090293
01100293
01100291
01100289
01100287
01100285
01100283
01100281
01100279
01100277
01100276
01100274
01100272
01100270
01100268
