00730299
00730297
00730295
00730293
00730291
00730289
00730287
00730285
00730283
00730281
00730279
00730277
00730275
00730273
00730271
00730269
00740269
00750269
00770269
00790269
00810269
00830269
00850269
00870269
00890269
00910269
00920269
00940269
00960269
00980269
01000269
01000270
00980270
00960270
00940270
00920270
00910270
00890270
00870270
00850270
00830270
00810270
00790270
00770270
00750270
00750271
00770271
00790271
00810271
00830271
00850271
00870271
00890271
00910271
00920271
00940271
00960271
00980271
01000271
01000272
00980272
00960272
00940272
00920272
00910272
00890272
00870272
00850272
00830272
00810272
00790272
00770272
00750272
00750273
00770273
00790273
00810273
00830273
00850273
00870273
00890273
00910273
00920273
00940273
00960273
00980273
01000273
01000274
00980274
00960274
00940274
00920274
00910274
00890274
00870274
00850274
00830274
00810274
00790274
00770274
00750274
00750275
00770275
00790275
00810275
00830275
00850275
00870275
00890275
00910275
00920275
00940275
00960275
00980275
01000275
01000276
00980276
00960276
00940276
00920276
00910276
00890276
00870276
00850276
00830276
00810276
00790276
00770276
00750276
00750277
00770277
00790277
00810277
00830277
00850277
00870277
00890277
00910277
00920277
00940277
00960277
00980277
01000277
01000278
00980278
00960278
00940278
00920278
00910278
00890278
00870278
00850278
00830278
00810278
00790278
00770278
00750278
00750279
00770279
00790279
00810279
00830279
00850279
00870279
00890279
00910279
00920279
00940279
00960279
00980279
01000279
01000280
00980280
00960280
00940280
00920280
00910280
00890280
00870280
00850280
00830280
00810280
00790280
00770280
00750280
00750281
00770281
00790281
00810281
00830281
00850281
00870281
00890281
00910281
00920281
00940281
00960281
00980281
01000281
01000282
00980282
00960282
00940282
00920282
00910282
00890282
00870282
00850282
00830282
00810282
00790282
00770282
00750282
00750283
00770283
00790283
00810283
00830283
00850283
00870283
00890283
00910283
00920283
00940283
00960283
00980283
01000283
01000284
00980284
00960284
00940284
00920284
00910284
00890284
00870284
00850284
00830284
00810284
00790284
00770284
00750284
00750285
00770285
00790285
00810285
00830285
00850285
00870285
00890285
00910285
00920285
00940285
00960285
00980285
01000285
01000286
00980286
00960286
00940286
00920286
00910286
00890286
00870286
00850286
00830286
00810286
00790286
00770286
00750286
00750287
00770287
00790287
00810287
00830287
00850287
00870287
00890287
00910287
00920287
00940287
00960287
00980287
01000287
01000288
00980288
00960288
00940288
00920288
00910288
00890288
00870288
00850288
00830288
00810288
00790288
00770288
00750288
00750288
00750286
00750284
00750282
00750280
00750278
00750276
00750274
00750272
00750270
00750268
00750266
00750265
00750263
00750261
00750259
00750257
00750255
00750253
00750251
00740249
00740247
00740245
00740243
00740241
00740239
00740237
00740235
00740233
00740231
00740229
00740227
00740225
00740223
00740221
00740219
00740217
00740215
00740213
00740211
00740209
00740207
00740205
00740203
00740201
00740199
00740197
00740195
00730193
00730191
00730189
00730187
00730185
00730183
00730181
00730179
00730177
00730175
00730173
00730171
00730169
00730167
00730165
00740165
00750165
00770165
00790165
00810165
00830165
00850165
00870165
00890165
00910165
00920165
00940165
00960165
00980165
01000165
01000166
00980166
00960166
00940166
00920166
00910166
00890166
00870166
00850166
00830166
00810166
00790166
00770166
00750166
00750167
00770167
00790167
00810167
00830167
00850167
00870167
00890167
00910167
00920167
00940167
00960167
00980167
01000167
01000168
00980168
00960168
00940168
00920168
00910168
00890168
00870168
00850168
00830168
00810168
00790168
00770168
00750168
00750169
00770169
00790169
00810169
00830169
00850169
00870169
00890169
00910169
00920169
00940169
00960169
00980169
01000169
01000170
00980170
00960170
00940170
00920170
00910170
00890170
00870170
00850170
00830170
00810170
00790170
00770170
00750170
00750171
00770171
00790171
00810171
00830171
00850171
00870171
00890171
00910171
00920171
00940171
00960171
00980171
01000171
01000172
00980172
00960172
00940172
00920172
00910172
00890172
00870172
00850172
00830172
00810172
00790172
00770172
00750172
00750173
00770173
00790173
00810173
00830173
00850173
00870173
00890173
00910173
00920173
00940173
00960173
00980173
01000173
01000174
00980174
00960174
00940174
00920174
00910174
00890174
00870174
00850174
00830174
00810174
00790174
00770174
00750174
00750175
00770175
00790175
00810175
00830175
00850175
00870175
00890175
00910175
00920175
00940175
00960175
00980175
01000175
01000176
00980176
00960176
00940176
00920176
00910176
00890176
00870176
00850176
00830176
00810176
00790176
00770176
00750176
00750177
00770177
00790177
00810177
00830177
00850177
00870177
00890177
00910177
00920177
00940177
00960177
00980177
01000177
01000178
00980178
00960178
00940178
00920178
00910178
00890178
00870178
00850178
00830178
00810178
00790178
00770178
00750178
00750179
00770179
00790179
00810179
00830179
00850179
00870179
00890179
00910179
00920179
00940179
00960179
00980179
01000179
01000180
00980180
00960180
00940180
00920180
00910180
00890180
00870180
00850180
00830180
00810180
00790180
00770180
00750180
00750181
00770181
00790181
00810181
00830181
00850181
00870181
00890181
00910181
00920181
00940181
00960181
00980181
01000181
01000182
00980182
00960182
00940182
00920182
00910182
00890182
00870182
00850182
00830182
00810182
00790182
00770182
00750182
00750183
00770183
00790183
00810183
00830183
00850183
00870183
00890183
00910183
00920183
00940183
00960183
00980183
01000183
01000184
00980184
00960184
00940184
00920184
00910184
00890184
00870184
00850184
00830184
00810184
00790184
00770184
00750184
00750184
00750182
00750180
00750178
00750176
00750174
00750172
00750170
00750168
00750166
00750164
00750162
00750161
00750159
00750157
00750155
00750153
00750151
00750149
00750147
00740145
00740143
00740141
00740139
00740137
00740135
00740133
00740131
00740129
00740127
00740125
00740123
00740121
00740119
00740117
00740115
00740113
00740111
00740109
00740107
00740105
00740103
00740101
00740099
00740097
00740095
00740093
00740091
00730089
00730087
00730085
00730083
00730081
00730079
00730077
00730075
00730073
00730071
00730069
00730067
00730065
00730063
00730061
00740061
00750061
00770061
00790061
00810061
00830061
00850061
00870061
00890061
00910061
00920061
00940061
00960061
00980061
01000061
01000062
00980062
00960062
00940062
00920062
00910062
00890062
00870062
00850062
00830062
00810062
00790062
00770062
00750062
00750063
00770063
00790063
00810063
00830063
00850063
00870063
00890063
00910063
00920063
00940063
00960063
00980063
01000063
01000064
00980064
00960064
00940064
00920064
00910064
00890064
00870064
00850064
00830064
00810064
00790064
00770064
00750064
00750065
00770065
00790065
00810065
00830065
00850065
00870065
00890065
00910065
00920065
00940065
00960065
00980065
01000065
01000066
00980066
00960066
00940066
00920066
00910066
00890066
00870066
00850066
00830066
00810066
00790066
00770066
00750066
00750067
00770067
00790067
00810067
00830067
00850067
00870067
00890067
00910067
00920067
00940067
00960067
00980067
01000067
01000068
00980068
00960068
00940068
00920068
00910068
00890068
00870068
00850068
00830068
00810068
00790068
00770068
00750068
00750069
00770069
00790069
00810069
00830069
00850069
00870069
00890069
00910069
00920069
00940069
00960069
00980069
01000069
01000070
00980070
00960070
00940070
00920070
00910070
00890070
00870070
00850070
00830070
00810070
00790070
00770070
00750070
00750071
00770071
00790071
00810071
00830071
00850071
00870071
00890071
00910071
00920071
00940071
00960071
00980071
01000071
01000072
00980072
00960072
00940072
00920072
00910072
00890072
00870072
00850072
00830072
00810072
00790072
00770072
00750072
00750073
00770073
00790073
00810073
00830073
00850073
00870073
00890073
00910073
00920073
00940073
00960073
00980073
01000073
01000074
00980074
00960074
00940074
00920074
00910074
00890074
00870074
00850074
00830074
00810074
00790074
00770074
00750074
00750075
00770075
00790075
00810075
00830075
00850075
00870075
00890075
00910075
00920075
00940075
00960075
00980075
01000075
01000076
00980076
00960076
00940076
00920076
00910076
00890076
00870076
00850076
00830076
00810076
00790076
00770076
00750076
00750077
00770077
00790077
00810077
00830077
00850077
00870077
00890077
00910077
00920077
00940077
00960077
00980077
01000077
01000078
00980078
00960078
00940078
00920078
00910078
00890078
00870078
00850078
00830078
00810078
00790078
00770078
00750078
00750079
00770079
00790079
00810079
00830079
00850079
00870079
00890079
00910079
00920079
00940079
00960079
00980079
01000079
01000080
00980080
00960080
00940080
00920080
00910080
00890080
00870080
00850080
00830080
00810080
00790080
00770080
00750080
00750080
00760082
00780083
00790085
00800086
00820088
00830090
00840091
00850093
00870094
00880096
00890097
00900099
00920100
00930102
00940103
00960105
00970106
00980108
00990110
01010111
01020113
01030114
01040116
01060117
01070119
01080120
01100122
01110123
01120125
01130126
01150128
01160129
01170131
01190133
01200134
01210136
01220137
01240139
01250140
01260142
01270143
01290145
01300146
01310148
01330149
01340151
01350153
01360154
01380156
01390157
01400159
01410160
01430162
01440163
01450165
01470166
01480168
01490169
01500171
01520173
01530174
01540176
01550177
01570179
01580180
01590182
01610183
01620185
01630186
01640188
01660189
01670191
01680192
01700194
01710196
01720197
01730199
01750200
01760202
01770203
01780205
01800206
01810208
01820209
01840211
01850212
01860214
01870216
01890217
01900219
01910220
01920222
01940223
01950225
01960226
01980228
01990229
02000231
02010232
02030234
02040236
02050237
02060239
02080240
02090242
02100243
02120245
02130246
02140248
02150249
02170251
02180252
02190254
02200255
02220257
02230259
02240260
02260262
02270263
02280265
02290266
02310268
02320269
02330269
02340269
02360269
02380269
02400269
02420269
02440269
02460269
02480269
02500269
02510269
02530269
02550269
02570269
02590269
02590270
02570270
02550270
02530270
02510270
02500270
02480270
02460270
02440270
02420270
02400270
02380270
02360270
02340270
02340271
02360271
02380271
02400271
02420271
02440271
02460271
02480271
02500271
02510271
02530271
02550271
02570271
02590271
02590272
02570272
02550272
02530272
02510272
02500272
02480272
02460272
02440272
02420272
02400272
02380272
02360272
02340272
02340273
02360273
02380273
02400273
02420273
02440273
02460273
02480273
02500273
02510273
02530273
02550273
02570273
02590273
02590274
02570274
02550274
02530274
02510274
02500274
02480274
02460274
02440274
02420274
02400274
02380274
02360274
02340274
02340275
02360275
02380275
02400275
02420275
02440275
02460275
02480275
02500275
02510275
02530275
02550275
02570275
02590275
02590276
02570276
02550276
02530276
02510276
02500276
02480276
02460276
02440276
02420276
02400276
02380276
02360276
02340276
02340277
02360277
02380277
02400277
02420277
02440277
02460277
02480277
02500277
02510277
02530277
02550277
02570277
02590277
02590278
02570278
02550278
02530278
02510278
02500278
02480278
02460278
02440278
02420278
02400278
02380278
02360278
02340278
02340279
02360279
02380279
02400279
02420279
02440279
02460279
02480279
02500279
02510279
02530279
02550279
02570279
02590279
02590280
02570280
02550280
02530280
02510280
02500280
02480280
02460280
02440280
02420280
02400280
02380280
02360280
02340280
02340281
02360281
02380281
02400281
02420281
02440281
02460281
02480281
02500281
02510281
02530281
02550281
02570281
02590281
02590282
02570282
02550282
02530282
02510282
02500282
02480282
02460282
02440282
02420282
02400282
02380282
02360282
02340282
02340283
02360283
02380283
02400283
02420283
02440283
02460283
02480283
02500283
02510283
02530283
02550283
02570283
02590283
02590284
02570284
02550284
02530284
02510284
02500284
02480284
02460284
02440284
02420284
02400284
02380284
02360284
02340284
02340285
02360285
02380285
02400285
02420285
02440285
02460285
02480285
02500285
02510285
02530285
02550285
02570285
02590285
02590286
02570286
02550286
02530286
02510286
02500286
02480286
02460286
02440286
02420286
02400286
02380286
02360286
02340286
02340287
02360287
02380287
02400287
02420287
02440287
02460287
02480287
02500287
02510287
02530287
02550287
02570287
02590287
02590288
02570288
02550288
02530288
02510288
02500288
02480288
02460288
02440288
02420288
02400288
02380288
02360288
02340288
02340288
02340286
02340284
02340282
02340280
02340278
02340276
02340274
02340272
02340270
02340268
02340266
02340265
02340263
02340261
02340259
02340257
02340255
02340253
02340251
02330249
02330247
02330245
02330243
02330241
02330239
02330237
02330235
02330233
02330231
02330229
02330227
02330225
02330223
02330221
02330219
02330217
02330215
02330213
02330211
02330209
02330207
02330205
02330203
02330201
02330199
02330197
02330195
02320193
02320191
02320189
02320187
02320185
02320183
02320181
02320179
02320177
02320175
02320173
02320171
02320169
02320167
02320165
02330165
02340165
02360165
02380165
02400165
02420165
02440165
02460165
02480165
02500165
02510165
02530165
02550165
02570165
02590165
02590166
02570166
02550166
02530166
02510166
02500166
02480166
02460166
02440166
02420166
02400166
02380166
02360166
02340166
02340167
02360167
02380167
02400167
02420167
02440167
02460167
02480167
02500167
02510167
02530167
02550167
02570167
02590167
02590168
02570168
02550168
02530168
02510168
02500168
02480168
02460168
02440168
02420168
02400168
02380168
02360168
02340168
02340169
02360169
02380169
02400169
02420169
02440169
02460169
02480169
02500169
02510169
02530169
02550169
02570169
02590169
02590170
02570170
02550170
02530170
02510170
02500170
02480170
02460170
02440170
02420170
02400170
02380170
02360170
02340170
02340171
02360171
02380171
02400171
02420171
02440171
02460171
02480171
02500171
02510171
02530171
02550171
02570171
02590171
02590172
02570172
02550172
02530172
02510172
02500172
02480172
02460172
02440172
02420172
02400172
02380172
02360172
02340172
02340173
02360173
02380173
02400173
02420173
02440173
02460173
02480173
02500173
02510173
02530173
02550173
02570173
02590173
02590174
02570174
02550174
02530174
02510174
02500174
02480174
02460174
02440174
02420174
02400174
02380174
02360174
02340174
02340175
02360175
02380175
02400175
02420175
02440175
02460175
02480175
02500175
02510175
02530175
02550175
02570175
02590175
02590176
02570176
02550176
02530176
02510176
02500176
02480176
02460176
02440176
02420176
02400176
02380176
02360176
02340176
02340177
02360177
02380177
02400177
02420177
02440177
02460177
02480177
02500177
02510177
02530177
02550177
02570177
02590177
02590178
02570178
02550178
02530178
02510178
02500178
02480178
02460178
02440178
02420178
02400178
02380178
02360178
02340178
02340179
02360179
02380179
02400179
02420179
02440179
02460179
02480179
02500179
02510179
02530179
02550179
02570179
02590179
02590180
02570180
02550180
02530180
02510180
02500180
02480180
02460180
02440180
02420180
02400180
02380180
02360180
02340180
02340181
02360181
02380181
02400181
02420181
02440181
02460181
02480181
02500181
02510181
02530181
02550181
02570181
02590181
02590182
02570182
02550182
02530182
02510182
02500182
02480182
02460182
02440182
02420182
02400182
02380182
02360182
02340182
02340183
02360183
02380183
02400183
02420183
02440183
02460183
02480183
02500183
02510183
02530183
02550183
02570183
02590183
02590184
02570184
02550184
02530184
02510184
02500184
02480184
02460184
02440184
02420184
02400184
02380184
02360184
02340184
02340184
02340182
02340180
02340178
02340176
02340174
02340172
02340170
02340168
02340166
02340164
02340162
02340161
02340159
02340157
02340155
02340153
02340151
02340149
02340147
02330145
02330143
02330141
02330139
02330137
02330135
02330133
02330131
02330129
02330127
02330125
02330123
02330121
02330119
02330117
02330115
02330113
02330111
02330109
02330107
02330105
02330103
02330101
02330099
02330097
02330095
02330093
02330091
02320089
02320087
02320085
02320083
02320081
02320079
02320077
02320075
02320073
02320071
02320069
02320067
02320065
02320063
02320061
02330061
02340061
02360061
02380061
02400061
02420061
02440061
02460061
02480061
02500061
02510061
02530061
02550061
02570061
02590061
02590062
02570062
02550062
02530062
02510062
02500062
02480062
02460062
02440062
02420062
02400062
02380062
02360062
02340062
02340063
02360063
02380063
02400063
02420063
02440063
02460063
02480063
02500063
02510063
02530063
02550063
02570063
02590063
02590064
02570064
02550064
02530064
02510064
02500064
02480064
02460064
02440064
02420064
02400064
02380064
02360064
02340064
02340065
02360065
02380065
02400065
02420065
02440065
02460065
02480065
02500065
02510065
02530065
02550065
02570065
02590065
02590066
02570066
02550066
02530066
02510066
02500066
02480066
02460066
02440066
02420066
02400066
02380066
02360066
02340066
02340067
02360067
02380067
02400067
02420067
02440067
02460067
02480067
02500067
02510067
02530067
02550067
02570067
02590067
02590068
02570068
02550068
02530068
02510068
02500068
02480068
02460068
02440068
02420068
02400068
02380068
02360068
02340068
02340069
02360069
02380069
02400069
02420069
02440069
02460069
02480069
02500069
02510069
02530069
02550069
02570069
02590069
02590070
02570070
02550070
02530070
02510070
02500070
02480070
02460070
02440070
02420070
02400070
02380070
02360070
02340070
02340071
02360071
02380071
02400071
02420071
02440071
02460071
02480071
02500071
02510071
02530071
02550071
02570071
02590071
02590072
02570072
02550072
02530072
02510072
02500072
02480072
02460072
02440072
02420072
02400072
02380072
02360072
02340072
02340073
02360073
02380073
02400073
02420073
02440073
02460073
02480073
02500073
02510073
02530073
02550073
02570073
02590073
02590074
02570074
02550074
02530074
02510074
02500074
02480074
02460074
02440074
02420074
02400074
02380074
02360074
02340074
02340075
02360075
02380075
02400075
02420075
02440075
02460075
02480075
02500075
02510075
02530075
02550075
02570075
02590075
02590076
02570076
02550076
02530076
02510076
02500076
02480076
02460076
02440076
02420076
02400076
02380076
02360076
02340076
02340077
02360077
02380077
02400077
02420077
02440077
02460077
02480077
02500077
02510077
02530077
02550077
02570077
02590077
02590078
02570078
02550078
02530078
02510078
02500078
02480078
02460078
02440078
02420078
02400078
02380078
02360078
02340078
02340079
02360079
02380079
02400079
02420079
02440079
02460079
02480079
02500079
02510079
02530079
02550079
02570079
02590079
02590080
02570080
02550080
02530080
02510080
02500080
02480080
02460080
02440080
02420080
02400080
02380080
02360080
02340080
02340080
02350082
02370083
02380085
02390086
02410088
02420090
02430091
02440093
02460094
02470096
02480097
02490099
02510100
02520102
02530103
02550105
02560106
02570108
02580110
02600111
02610113
02620114
02630116
02650117
02660119
02670120
02690122
02700123
02710125
02720126
02740128
02750129
02760131
02780133
02790134
02800136
02810137
02830139
02840140
02850142
02860143
02880145
02890146
02900148
02920149
02930151
02940153
02950154
02970156
02980157
02990159
03000160
03020162
03030163
03040165
03060166
03070168
03080169
03090171
03110173
03120174
03130176
03140177
03160179
03170180
03180182
03200183
03210185
03220186
03230188
03250189
03260191
03270192
03290194
03300196
03310197
03320199
03340200
03350202
03360203
03370205
03390206
03400208
03410209
03430211
03440212
03450214
03460216
03480217
03490219
03500220
03510222
03530223
03540225
03550226
03570228
03580229
03590231
03600232
03620234
03630236
03640237
03650239
03670240
03680242
03690243
03710245
03720246
03730248
03740249
03760251
03770252
03780254
03790255
03810257
03820259
03830260
03850262
03860263
03870265
03880266
03900268
03910269
03920269
03930269
03950269
03970269
03990269
04010269
04030269
04050269
04070269
04090269
04100269
04120269
04140269
04160269
04180269
04180270
04160270
04140270
04120270
04100270
04090270
04070270
04050270
04030270
04010270
03990270
03970270
03950270
03930270
03930271
03950271
03970271
03990271
04010271
04030271
04050271
04070271
04090271
04100271
04120271
04140271
04160271
04180271
04180272
04160272
04140272
04120272
04100272
04090272
04070272
04050272
04030272
04010272
03990272
03970272
03950272
03930272
03930273
03950273
03970273
03990273
04010273
04030273
04050273
04070273
04090273
04100273
04120273
04140273
04160273
04180273
04180274
04160274
04140274
04120274
04100274
04090274
04070274
04050274
04030274
04010274
03990274
03970274
03950274
03930274
03930275
03950275
03970275
03990275
04010275
04030275
04050275
04070275
04090275
04100275
04120275
04140275
04160275
04180275
04180276
04160276
04140276
04120276
04100276
04090276
04070276
04050276
04030276
04010276
03990276
03970276
03950276
03930276
03930277
03950277
03970277
03990277
04010277
04030277
04050277
04070277
04090277
04100277
04120277
04140277
04160277
04180277
04180278
04160278
04140278
04120278
04100278
04090278
04070278
04050278
04030278
04010278
03990278
03970278
03950278
03930278
03930279
03950279
03970279
03990279
04010279
04030279
04050279
04070279
04090279
04100279
04120279
04140279
04160279
04180279
04180280
04160280
04140280
04120280
04100280
04090280
04070280
04050280
04030280
04010280
03990280
03970280
03950280
03930280
03930281
03950281
03970281
03990281
04010281
04030281
04050281
04070281
04090281
04100281
04120281
04140281
04160281
04180281
04180282
04160282
04140282
04120282
04100282
04090282
04070282
04050282
04030282
04010282
03990282
03970282
03950282
03930282
03930283
03950283
03970283
03990283
04010283
04030283
04050283
04070283
04090283
04100283
04120283
04140283
04160283
04180283
04180284
04160284
04140284
04120284
04100284
04090284
04070284
04050284
04030284
04010284
03990284
03970284
03950284
03930284
03930285
03950285
03970285
03990285
04010285
04030285
04050285
04070285
04090285
04100285
04120285
04140285
04160285
04180285
04180286
04160286
04140286
04120286
04100286
04090286
04070286
04050286
04030286
04010286
03990286
03970286
03950286
03930286
03930287
03950287
03970287
03990287
04010287
04030287
04050287
04070287
04090287
04100287
04120287
04140287
04160287
04180287
04180288
04160288
04140288
04120288
04100288
04090288
04070288
04050288
04030288
04010288
03990288
03970288
03950288
03930288
03930288
03930286
03930284
03930282
03930280
03930278
03930276
03930274
03930272
03930270
03930268
03930266
03930265
03930263
03930261
03930259
03930257
03930255
03930253
03930251
03920249
03920247
03920245
03920243
03920241
03920239
03920237
03920235
03920233
03920231
03920229
03920227
03920225
03920223
03920221
03920219
03920217
03920215
03920213
03920211
03920209
03920207
03920205
03920203
03920201
03920199
03920197
03920195
03910193
03910191
03910189
03910187
03910185
03910183
03910181
03910179
03910177
03910175
03910173
03910171
03910169
03910167
03910165
03920165
03930165
03950165
03970165
03990165
04010165
04030165
04050165
04070165
04090165
04100165
04120165
04140165
04160165
04180165
04180166
04160166
04140166
04120166
04100166
04090166
04070166
04050166
04030166
04010166
03990166
03970166
03950166
03930166
03930167
03950167
03970167
03990167
04010167
04030167
04050167
04070167
04090167
04100167
04120167
04140167
04160167
04180167
04180168
04160168
04140168
04120168
04100168
04090168
04070168
04050168
04030168
04010168
03990168
03970168
03950168
03930168
03930169
03950169
03970169
03990169
04010169
04030169
04050169
04070169
04090169
04100169
04120169
04140169
04160169
04180169
04180170
04160170
04140170
04120170
04100170
04090170
04070170
04050170
04030170
04010170
03990170
03970170
03950170
03930170
03930171
03950171
03970171
03990171
04010171
04030171
04050171
04070171
04090171
04100171
04120171
04140171
04160171
04180171
04180172
04160172
04140172
04120172
04100172
04090172
04070172
04050172
04030172
04010172
03990172
03970172
03950172
03930172
03930173
03950173
03970173
03990173
04010173
04030173
04050173
04070173
04090173
04100173
04120173
04140173
04160173
04180173
04180174
04160174
04140174
04120174
04100174
04090174
04070174
04050174
04030174
04010174
03990174
03970174
03950174
03930174
03930175
03950175
03970175
03990175
04010175
04030175
04050175
04070175
04090175
04100175
04120175
04140175
04160175
04180175
04180176
04160176
04140176
04120176
04100176
04090176
04070176
04050176
04030176
04010176
03990176
03970176
03950176
03930176
03930177
03950177
03970177
03990177
04010177
04030177
04050177
04070177
04090177
04100177
04120177
04140177
04160177
04180177
04180178
04160178
04140178
04120178
04100178
04090178
04070178
04050178
04030178
04010178
03990178
03970178
03950178
03930178
03930179
03950179
03970179
03990179
04010179
04030179
04050179
04070179
04090179
04100179
04120179
04140179
04160179
04180179
04180180
04160180
04140180
04120180
04100180
04090180
04070180
04050180
04030180
04010180
03990180
03970180
03950180
03930180
03930181
03950181
03970181
03990181
04010181
04030181
04050181
04070181
04090181
04100181
04120181
04140181
04160181
04180181
04180182
04160182
04140182
04120182
04100182
04090182
04070182
04050182
04030182
04010182
03990182
03970182
03950182
03930182
03930183
03950183
03970183
03990183
04010183
04030183
04050183
04070183
04090183
04100183
04120183
04140183
04160183
04180183
04180184
04160184
04140184
04120184
04100184
04090184
04070184
04050184
04030184
04010184
03990184
03970184
03950184
03930184
03930184
03930182
03930180
03930178
03930176
03930174
03930172
03930170
03930168
03930166
03930164
03930162
03930161
03930159
03930157
03930155
03930153
03930151
03930149
03930147
03920145
03920143
03920141
03920139
03920137
03920135
03920133
03920131
03920129
03920127
03920125
03920123
03920121
03920119
03920117
03920115
03920113
03920111
03920109
03920107
03920105
03920103
03920101
03920099
03920097
03920095
03920093
03920091
03910089
03910087
03910085
03910083
03910081
03910079
03910077
03910075
03910073
03910071
03910069
03910067
03910065
03910063
03910061
03920061
03930061
03950061
03970061
03990061
04010061
04030061
04050061
04070061
04090061
04100061
04120061
04140061
04160061
04180061
04180062
04160062
04140062
04120062
04100062
04090062
04070062
04050062
04030062
04010062
03990062
03970062
03950062
03930062
03930063
03950063
03970063
03990063
04010063
04030063
04050063
04070063
04090063
04100063
04120063
04140063
04160063
04180063
04180064
04160064
04140064
04120064
04100064
04090064
04070064
04050064
04030064
04010064
03990064
03970064
03950064
03930064
03930065
03950065
03970065
03990065
04010065
04030065
04050065
04070065
04090065
04100065
04120065
04140065
04160065
04180065
04180066
04160066
04140066
04120066
04100066
04090066
04070066
04050066
04030066
04010066
03990066
03970066
03950066
03930066
03930067
03950067
03970067
03990067
04010067
04030067
04050067
04070067
04090067
04100067
04120067
04140067
04160067
04180067
04180068
04160068
04140068
04120068
04100068
04090068
04070068
04050068
04030068
04010068
03990068
03970068
03950068
03930068
03930069
03950069
03970069
03990069
04010069
04030069
04050069
04070069
04090069
04100069
04120069
04140069
04160069
04180069
04180070
04160070
04140070
04120070
04100070
04090070
04070070
04050070
04030070
04010070
03990070
03970070
03950070
03930070
03930071
03950071
03970071
03990071
04010071
04030071
04050071
04070071
04090071
04100071
04120071
04140071
04160071
04180071
04180072
04160072
04140072
04120072
04100072
04090072
04070072
04050072
04030072
04010072
03990072
03970072
03950072
03930072
03930073
03950073
03970073
03990073
04010073
04030073
04050073
04070073
04090073
04100073
04120073
04140073
04160073
04180073
04180074
04160074
04140074
04120074
04100074
04090074
04070074
04050074
04030074
04010074
03990074
03970074
03950074
03930074
03930075
03950075
03970075
03990075
04010075
04030075
04050075
04070075
04090075
04100075
04120075
04140075
04160075
04180075
04180076
04160076
04140076
04120076
04100076
04090076
04070076
04050076
04030076
04010076
03990076
03970076
03950076
03930076
03930077
03950077
03970077
03990077
04010077
04030077
04050077
04070077
04090077
04100077
04120077
04140077
04160077
04180077
04180078
04160078
04140078
04120078
04100078
04090078
04070078
04050078
04030078
04010078
03990078
03970078
03950078
03930078
03930079
03950079
03970079
03990079
04010079
04030079
04050079
04070079
04090079
04100079
04120079
04140079
04160079
04180079
04180080
04160080
04140080
04120080
04100080
04090080
04070080
04050080
04030080
04010080
03990080
03970080
03950080
03930080
